19	02	20	22	40	36	14.1	70.0	-1	618.628571429	129.520342741	0.0278957621167	1	1
19	02	20	22	40	57	15.0	75.0	-1	610.0	122.467255099	0.0250002686052	1	1
19	02	20	22	41	17	14.0	76.0	-1	606.1	90.4327927248	0.0250255422117	1	1
19	02	20	22	41	38	15.4	75.0	-1	681.028571429	175.726896179	0.0401737367407	1	1
19	02	20	22	41	59	13.7	71.0	-1	617.9	98.9812608527	0.030867870094	1	1
19	02	20	22	42	20	16.5	77.0	-1	566.485714286	52.5755898974	0.0104896464167	1	1
19	02	20	22	42	44	19.2	72.0	-1	612.628571429	102.690821878	0.025731670267	1	1
19	02	20	22	43	06	29.9	79.0	-1	739.585714286	190.950666243	0.0587676842535	1	1
19	02	20	22	43	28	32.2	77.0	-1	687.828571429	181.542672782	0.0428951644746	1	1
19	02	20	22	43	50	16.8	76.0	-1	787.328571429	182.542810746	0.069011596665	1	1
19	02	20	22	44	12	14.3	75.0	-1	679.328571429	169.110337728	0.0479056624343	1	1
19	02	20	22	44	34	13.7	76.0	-1	660.014285714	176.661621093	0.0366532553387	1	1
19	02	20	22	44	56	16.2	75.0	-1	712.442857143	200.983768763	0.0488209533921	1	1
19	02	20	22	44	56	34.1	78.0	-1	565.285714286	53.2187246471	0.0116491425004	0	1
19	02	20	22	45	18	19.6	71.0	-1	646.2	124.739568702	0.0413989410692	1	1
19	02	20	22	45	18	15.4	71.0	-1	835.614285714	296.216585475	0.0646400543504	1	1
19	02	20	22	45	40	20.2	72.0	-1	612.871428571	123.322680272	0.0265676041167	1	1
19	02	20	22	45	40	15.7	70.0	-1	650.785714286	163.460339695	0.0367197175174	1	1
19	02	20	22	46	01	16.0	71.0	-1	584.7	90.2147200532	0.0181742471712	1	1
19	02	20	22	46	02	16.5	70.0	-1	653.514285714	163.513978682	0.0356138830169	1	1
19	02	20	22	46	22	20.7	75.0	-1	724.285714286	167.890027174	0.054996296886	1	1
19	02	20	22	46	23	33.5	74.0	-1	734.042857143	224.576518027	0.0520318117453	1	1
19	02	20	22	46	44	28.0	77.0	-1	717.071428571	165.347540604	0.0544996006207	1	1
19	02	20	22	46	45	23.7	81.0	-1	628.085714286	124.986598465	0.0305193820136	1	1
19	02	20	22	47	06	22.2	81.0	-1	608.928571429	94.6852411834	0.026759423171	1	1
19	02	20	22	47	07	16.4	74.0	-1	624.214285714	128.356967962	0.0320619778344	1	1
19	02	20	22	47	28	16.9	78.0	-1	695.571428571	173.498750216	0.0443928531037	1	1
19	02	20	22	47	29	26.8	80.0	-1	644.171428571	100.828846698	0.0393211965519	1	1
19	02	20	22	47	50	17.5	78.0	-1	737.114285714	231.616835242	0.0527770981319	1	1
19	02	20	22	47	51	34.9	78.0	-1	695.7	162.383791415	0.0468004078791	1	1
19	02	20	22	48	13	16.8	77.0	-1	809.385714286	197.536129994	0.0710288173865	1	1
19	02	20	22	48	13	29.2	78.0	-1	738.971428571	172.684433199	0.0569849329524	1	1
19	02	20	22	48	35	16.8	72.0	-1	664.757142857	164.109147975	0.038811116826	1	1
19	02	20	22	48	35	36.7	77.0	-1	681.871428571	139.988460895	0.0441701842698	1	1
19	02	20	22	48	57	18.8	73.0	-1	674.028571429	135.493591986	0.0427376920069	1	1
19	02	20	22	48	57	33.3	72.0	-1	674.028571429	135.493591986	0.0427376920069	1	1
19	02	20	22	49	19	18.6	74.0	-1	602.428571429	111.427435892	0.0215771155713	1	1
19	02	20	22	49	19	17.1	72.0	-1	654.3	218.308585657	0.0297619705816	1	1
19	02	20	22	49	41	20.2	77.0	-1	632.742857143	121.682571321	0.0321700105201	1	1
19	02	20	22	49	41	15.3	79.0	-1	619.157142857	144.508490676	0.0312713881902	1	1
19	02	20	22	50	03	16.9	72.0	-1	692.8	189.000272109	0.0450782340962	1	1
19	02	20	22	50	03	17.2	76.0	-1	644.1	178.412855879	0.0324555170823	1	1
19	02	20	22	50	25	16.9	74.0	-1	674.371428571	184.348363659	0.0427563595476	1	1
19	02	20	22	50	25	13.2	71.0	-1	587.242857143	116.135319559	0.0153145653244	1	1
19	02	20	22	50	47	17.1	77.0	-1	785.485714286	178.613048864	0.0716258946384	1	1
19	02	20	22	50	47	15.5	72.0	-1	584.5	118.013044073	0.0158528428509	1	1
19	02	20	22	51	08	17.8	71.0	-1	657.471428571	190.841723607	0.0338631992313	1	1
19	02	20	22	51	09	13.6	71.0	-1	589.042857143	108.367949362	0.0179759457955	1	1
19	02	20	22	51	30	15.4	71.0	-1	614.371428571	133.661210468	0.0253898048662	1	1
19	02	20	22	51	51	15.6	73.0	-1	586.471428571	87.5899083275	0.0207890176533	1	1
19	02	20	22	51	52	16.1	72.0	-1	709.2	192.45322994	0.0493742269758	0	1
19	02	20	22	52	13	15.3	71.0	-1	659.385714286	162.644335272	0.0366250794378	1	1
19	02	20	22	52	14	19.8	71.0	-1	765.7	250.841062371	0.0571302456414	0	1
19	02	20	22	52	35	15.5	78.0	-1	737.142857143	191.444530252	0.0525799316283	1	1
19	02	20	22	52	36	31.8	74.0	-1	718.428571429	193.463881563	0.0522615148573	1	1
19	02	20	22	52	57	20.7	72.0	-1	663.8	171.77224123	0.0381140611073	1	1
19	02	20	22	52	58	20.5	79.0	-1	686.857142857	185.982816849	0.0440793799691	1	1
19	02	20	22	53	20	18.4	70.0	-1	591.9	108.486490272	0.0169183793764	1	1
19	02	20	22	53	20	50.6	77.0	-1	571.128571429	72.2167217337	0.0163752580519	1	1
19	02	20	22	53	43	17.4	77.0	-1	714.871428571	146.147764895	0.0535228676556	1	1
19	02	20	22	53	43	18.4	77.0	-1	706.1	127.158860149	0.0549482409782	1	1
19	02	20	22	54	05	15.5	72.0	-1	658.971428571	143.481504177	0.0385030832571	1	1
19	02	20	22	54	05	24.0	77.0	-1	784.371428571	185.976278935	0.0660784318804	1	1
19	02	20	22	54	27	24.3	81.0	39.99989064	714.571428571	186.623193431	0.0487524619916	1	1
19	02	20	22	54	27	29.7	76.0	39.99989064	645.242857143	142.050638427	0.0354898860543	0	1
19	02	20	22	54	49	25.9	80.0	39.99999926	714.957142857	197.034908852	0.0502815655918	1	1
19	02	20	22	54	49	28.6	80.0	39.99999926	680.9	175.948705999	0.0422302037544	0	1
19	02	20	22	55	11	26.3	83.0	39.99584328	726.0	196.57742931	0.0521592348675	1	1
19	02	20	22	55	11	20.3	79.0	39.99584328	671.814285714	163.654888876	0.0385892483857	0	1
19	02	20	22	55	33	24.0	79.0	39.99997205	618.628571429	129.520342741	0.0278957621167	1	1
19	02	20	22	55	33	21.1	77.0	39.99997205	715.514285714	174.863272535	0.0549330549429	0	1
19	02	20	22	55	55	22.8	77.0	39.99999981	773.571428571	210.227534654	0.0592697136861	1	1
19	02	20	22	55	55	21.4	78.0	39.99999981	738.028571429	152.009677458	0.055481604195	0	1
19	02	20	22	56	16	22.2	77.0	39.99893759	689.114285714	145.563098037	0.0483634782218	1	1
19	02	20	22	56	17	21.8	80.0	39.99893759	669.542857143	170.332673295	0.0417080873778	0	1
19	02	20	22	56	38	25.5	81.0	39.99999286	764.628571429	225.893095539	0.0572184000032	1	1
19	02	20	22	56	39	19.1	82.0	39.99999286	629.957142857	153.853867189	0.0295706392177	0	1
19	02	20	22	57	01	22.1	76.0	39.95961831	643.942857143	128.956679959	0.0352640348434	0	1
19	02	20	22	57	01	21.1	77.0	39.9635001	692.8	189.000272109	0.0450782340962	1	1
19	02	20	22	57	23	22.0	75.0	39.99975456	711.257142857	216.643333333	0.0458160498009	0	1
19	02	20	22	57	23	19.0	76.0	39.99975456	716.914285714	200.724739941	0.0492567201874	1	1
19	02	20	22	57	45	24.2	79.0	39.99999817	763.585714286	161.62253139	0.0666081323034	0	1
19	02	20	22	57	45	16.0	77.0	39.99999835	757.328571429	146.305816839	0.0701232072909	1	1
19	02	20	22	58	07	22.9	82.0	39.99067108	657.471428571	190.841723607	0.0338631992313	1	0
19	02	20	22	58	27	19.9	76.0	39.99990115	743.871428571	223.833734303	0.0546026764881	0	0
19	02	20	22	58	48	17.1	74.0	39.99999712	727.171428571	188.653042945	0.0531317563596	1	0
19	02	20	22	59	08	11.2	76.0	39.99999712	685.257142857	150.77340479	0.0469425457342	0	0
19	02	20	22	59	29	20.0	76.0	39.99993727	616.228571429	126.056809351	0.0279354430547	1	0
19	02	20	22	59	49	22.5	78.0	39.99999934	605.385714286	113.557699979	0.0231173084165	0	0
19	02	20	23	00	10	21.2	79.0	39.99584328	735.728571429	186.764322184	0.0567277962414	1	0
19	02	20	23	00	30	20.2	79.0	39.99995596	624.385714286	146.345022157	0.0319030977557	0	0
19	02	20	23	00	51	25.2	85.0	39.99999958	590.6	107.65479221	0.0195236962512	1	1
19	02	20	23	00	51	49.2	83.0	39.99999958	691.485714286	157.474056172	0.0451954748108	0	1
19	02	20	23	01	12	25.1	79.0	39.99761564	703.0	176.13671638	0.0472404269082	1	1
19	02	20	23	01	13	21.0	77.0	39.99761564	704.828571429	173.449372723	0.0506011918214	0	1
19	02	20	23	01	34	25.1	78.0	39.99998397	635.457142857	138.430249142	0.0301905035129	1	1
19	02	20	23	01	35	38.0	84.0	39.99998874	706.614285714	191.119281591	0.0509179260713	0	1
19	02	20	23	01	56	28.6	82.0	39.99999989	719.3	178.049940827	0.052347727885	1	1
19	02	20	23	01	57	22.6	77.0	39.99999989	640.328571429	147.924664362	0.0305643641136	0	1
19	02	20	23	02	19	20.3	74.0	39.98967894	683.214285714	247.735105815	0.0441822789312	1	1
19	02	20	23	02	19	20.0	75.0	39.98967894	724.285714286	167.890027174	0.054996296886	1	1
19	02	20	23	02	41	17.6	74.0	39.98967894	714.871428571	146.147764895	0.0535228676556	1	1
19	02	20	23	02	41	25.7	74.0	39.98967894	735.528571429	164.963088636	0.0613731673556	1	1
19	02	20	23	03	03	19.8	73.0	39.98373661	608.928571429	94.6852411834	0.026759423171	1	1
19	02	20	23	03	03	24.0	76.0	39.98373661	685.171428571	154.437779559	0.0423482441502	0	1
19	02	20	23	03	25	22.4	78.0	39.99989064	695.571428571	173.498750216	0.0443928531037	1	1
19	02	20	23	03	25	30.5	78.0	39.99989064	667.885714286	203.605188178	0.0348405864467	0	1
19	02	20	23	03	47	20.4	73.0	39.99999926	727.171428571	188.653042945	0.0531317563596	1	0
19	02	20	23	04	07	19.9	77.0	39.99345006	689.842857143	158.786886443	0.0482602529421	0	0
19	02	20	23	04	28	19.2	77.0	39.99993727	604.585714286	109.440067468	0.0239275508908	1	0
19	02	20	23	04	48	24.8	74.0	39.99999934	771.614285714	386.628182139	0.0372659418487	0	1
19	02	20	23	04	49	20.3	73.0	39.99999953	597.357142857	96.6260887153	0.0189901464247	1	1
19	02	20	23	05	10	27.4	78.0	39.99624285	738.971428571	172.684433199	0.0569849329524	1	1
19	02	20	23	05	10	47.6	81.0	39.99624285	577.1	61.0410049533	0.0145008009114	0	1
19	02	20	23	05	32	27.0	78.0	39.99997474	664.757142857	164.109147975	0.038811116826	1	1
19	02	20	23	05	32	19.7	79.0	39.99997474	651.4	149.360579997	0.0346025891279	0	1
19	02	20	23	05	54	28.6	77.0	39.99999983	654.871428571	175.665910298	0.0337875621646	1	1
19	02	20	23	05	54	22.2	75.0	39.99999983	705.471428571	189.684077307	0.0437847514809	0	1
19	02	20	23	06	15	24.1	81.0	39.99903972	593.185714286	132.731877198	0.0172334834184	1	1
19	02	20	23	06	16	22.4	77.0	39.99903972	612.485714286	119.532511161	0.0277567678463	0	1
19	02	20	23	06	37	25.6	78.0	39.99999354	656.714285714	172.77914415	0.0324083264863	1	1
19	02	20	23	06	38	20.2	79.0	39.99999354	708.285714286	214.995756959	0.0478239668749	0	1
19	02	20	23	07	00	21.7	73.0	39.974373	692.4	226.681110184	0.0432088418388	1	1
19	02	20	23	07	00	21.6	78.0	39.974373	604.171428571	102.983906014	0.023967051522	1	1
19	02	20	23	07	22	23.2	76.0	39.99982768	597.942857143	99.5491100217	0.0229544406396	0	1
19	02	20	23	07	22	32.4	76.0	39.99982768	706.714285714	193.413630991	0.0491014299267	1	1
19	02	20	23	07	44	23.1	74.0	39.99999884	785.214285714	248.428310605	0.0604858444207	1	1
19	02	20	23	07	44	27.9	74.0	39.99999884	772.142857143	230.161637967	0.0631490499156	1	1
19	02	20	23	08	06	22.1	81.0	39.99345006	787.971428571	376.041523977	0.0525056087805	1	1
19	02	20	23	08	06	44.3	81.0	39.99345006	685.657142857	155.312669496	0.0457949561951	0	1
19	02	20	23	08	28	21.3	78.0	39.99995596	799.842857143	261.455685167	0.0655255264238	1	1
19	02	20	23	08	28	21.8	76.0	39.99995596	687.385714286	157.326529672	0.0460579663171	0	1
19	02	20	23	08	50	22.5	76.0	39.9999997	584.585714286	86.0404378114	0.019135824239	1	1
19	02	20	23	08	50	25.0	77.0	39.9999997	660.071428571	173.11204641	0.0349217996214	0	1
19	02	20	23	09	12	21.1	75.0	39.99832592	606.1	90.4327927248	0.0250255422117	1	1
19	02	20	23	09	12	21.9	77.0	39.99832592	736.3	179.88451454	0.056556789778	0	1
19	02	20	23	09	34	21.8	80.0	39.99998874	663.3	169.559627102	0.0402635935781	1	1
19	02	20	23	09	34	33.9	75.0	39.99998874	686.142857143	151.187328051	0.0439100223863	0	1
19	02	20	23	09	56	24.6	81.0	39.99999992	627.271428571	148.578398875	0.0264522453631	1	1
19	02	20	23	09	56	25.9	79.0	39.99999992	665.828571429	160.958199669	0.037750982969	0	1
19	02	20	23	10	17	24.9	79.0	39.99957212	749.971428571	246.150997295	0.0554513987554	1	1
19	02	20	23	10	18	22.7	78.0	39.99957212	696.0	176.302094631	0.049558143179	0	1
19	02	21	19	39	30	0.0	38.0	39.99998983	568.785714286	60.5604521726	0.0137409783867	1	0
19	02	21	19	39	51	43.9	56.0	39.99957212	673.942857143	163.017517526	0.0395419978573	0	1
19	02	21	19	39	51	43.3	52.0	39.99957212	765.814285714	243.45573331	0.056378424904	1	1
19	02	21	19	40	13	36.8	61.0	39.99999712	779.514285714	223.767656469	0.0610221309433	1	1
19	02	21	19	40	13	43.2	63.0	39.99999712	688.2	156.298395934	0.0485492738744	1	1
19	02	21	19	40	35	30.9	62.0	39.98373661	624.771428571	133.493624399	0.0328944106238	1	1
19	02	21	19	40	35	28.1	61.0	39.98373661	725.342857143	203.156792771	0.0544245374329	0	1
19	02	21	19	40	57	44.6	67.0	39.99989064	657.342857143	149.665139153	0.0354678118292	1	1
19	02	21	19	40	57	24.3	66.0	39.99989064	663.485714286	140.870431132	0.0386753161476	0	1
19	02	21	19	41	19	32.9	70.0	39.99999926	714.957142857	197.034908852	0.0502815655918	1	1
19	02	21	19	41	19	57.8	69.0	39.99999926	712.557142857	185.728037403	0.0509454902113	0	1
19	02	21	19	41	40	39.8	72.0	39.99584328	719.128571429	173.842944015	0.0542569889004	1	1
19	02	21	19	41	41	33.8	67.0	39.99584328	574.257142857	66.8047658082	0.0188638205039	0	1
19	02	21	19	42	02	29.6	74.0	39.99997205	635.528571429	110.504003991	0.0374391391678	1	1
19	02	21	19	42	03	27.9	72.0	39.99997205	608.071428571	92.1178315961	0.0262179423635	0	1
19	02	21	19	42	24	26.6	70.0	39.99999981	665.157142857	161.403986118	0.0433837965182	1	1
19	02	21	19	42	25	23.9	67.0	39.99999981	621.971428571	94.1526073425	0.0289132750432	0	1
19	02	21	19	42	46	30.4	71.0	39.99893759	718.914285714	186.967433593	0.0557060613806	1	1
19	02	21	19	42	47	37.4	76.0	39.99893759	667.885714286	173.785626798	0.0395248551422	0	1
19	02	21	19	43	08	28.1	72.0	39.99999286	671.014285714	162.727334859	0.0430779103117	1	1
19	02	21	19	43	09	24.5	69.0	39.99999286	691.7	193.332973317	0.0431846378042	0	1
19	02	21	19	43	30	33.4	72.0	39.95961831	635.842857143	140.844152545	0.034397241313	0	1
19	02	21	19	43	31	33.7	74.0	39.9635001	705.742857143	212.844053289	0.0481833486133	0	1
19	02	21	19	43	53	36.4	71.0	39.99972846	591.671428571	111.357175845	0.0224509981283	0	1
19	02	21	19	43	53	33.1	77.0	39.99975456	674.371428571	184.348363659	0.0427563595476	1	1
19	02	21	19	44	15	28.4	70.0	39.99999817	758.771428571	227.30383514	0.0589207016759	0	1
19	02	21	19	44	15	35.0	76.0	39.99999835	777.928571429	143.535094905	0.0734154489072	1	1
19	02	21	19	44	37	24.6	75.0	39.99067108	657.471428571	190.841723607	0.0338631992313	0	1
19	02	21	19	44	37	57.1	75.0	39.99067108	712.142857143	260.902515222	0.0422433925512	0	1
19	02	21	19	44	59	25.2	75.0	39.99993727	616.228571429	126.056809351	0.0279354430547	0	1
19	02	21	19	44	59	25.0	75.0	39.99993727	604.585714286	109.440067468	0.0239275508908	0	1
19	02	21	19	45	21	27.7	76.0	39.99999958	603.928571429	126.431045174	0.0251592179543	1	1
19	02	21	19	45	21	66.7	76.0	39.99999958	603.928571429	126.431045174	0.0251592179543	1	1
19	02	21	19	54	22	0.0	48.0	39.99736206	632.328571429	156.291917479	0.0284927306581	1	0
19	02	21	19	54	43	38.5	64.0	39.99957212	712.0	164.381698669	0.0517891265108	1	1
19	02	21	19	54	43	40.5	64.0	39.99957212	605.528571429	124.202567426	0.0244735385515	0	1
19	02	21	19	55	05	29.4	64.0	39.99999712	693.671428571	190.689929424	0.0449004366962	1	1
19	02	21	19	55	05	46.5	64.0	39.99999712	662.028571429	159.487301011	0.0388467037046	0	1
19	02	21	19	55	26	26.1	63.0	39.97683646	668.7	157.439090263	0.0412839522414	0	1
19	02	21	19	55	27	22.9	63.0	39.98373661	624.771428571	133.493624399	0.0328944106238	1	1
19	02	21	19	55	48	22.6	68.0	39.99984424	667.228571429	160.73102389	0.041215173929	0	1
19	02	21	19	55	49	40.1	73.0	39.99989064	699.257142857	155.223864671	0.0490357535675	1	1
19	02	21	19	56	10	26.4	70.0	39.99999895	700.528571429	255.674721999	0.0418861379368	0	1
19	02	21	19	56	11	31.2	67.0	39.99999926	727.171428571	188.653042945	0.0531317563596	1	1
19	02	21	19	56	32	40.7	78.0	39.99407969	623.414285714	131.184111936	0.0310902463102	0	1
19	02	21	19	56	32	75.8	77.0	39.99584328	729.7	256.219679739	0.0474413913387	1	1
19	02	21	19	56	53	35.0	71.0	39.99995596	662.214285714	186.632480166	0.0367619157151	0	1
19	02	21	19	56	53	34.5	74.0	39.99996019	838.185714286	278.870082033	0.0698479829987	1	1
19	02	21	19	57	14	31.8	73.0	39.99999958	617.542857143	100.783740995	0.0311494598803	0	1
19	02	21	19	57	14	24.5	75.0	39.9999997	584.985714286	73.6296704281	0.0177396597044	1	1
19	02	21	19	57	35	25.8	78.0	39.99761564	731.328571429	280.407291602	0.0486150668404	1	1
19	02	21	19	57	35	52.0	79.0	39.99761564	662.871428571	146.389199585	0.0386832466256	0	1
19	02	21	19	57	56	46.0	82.0	39.99998226	708.142857143	194.255669946	0.0492146447901	1	1
19	02	21	19	57	56	42.1	82.0	39.99998226	705.128571429	209.226529418	0.04254221266	0	1
19	02	21	19	58	17	33.1	78.0	39.99999983	637.2	124.586355593	0.0343668175998	0	1
19	02	21	19	58	17	50.0	78.0	39.99999983	637.2	124.586355593	0.0343668175998	0	1
19	02	21	19	58	38	35.4	78.0	39.99893759	697.628571429	184.304264847	0.0430497799118	1	1
19	02	21	19	58	38	31.9	76.0	39.99893759	686.228571429	149.608839638	0.0449851361834	0	1
19	02	21	19	58	59	46.1	80.0	39.99998983	717.914285714	236.618363184	0.052262578847	1	1
19	02	21	19	58	59	50.0	81.0	39.99998983	653.742857143	163.355413196	0.0370394579666	0	1
19	02	21	19	59	20	36.4	81.0	39.99999992	627.271428571	148.578398875	0.0264522453631	1	1
19	02	21	19	59	20	29.6	77.0	39.99999992	689.842857143	156.933892881	0.0502705968174	0	1
19	02	21	19	59	41	29.2	75.0	39.99939059	634.742857143	127.778009031	0.0329268255016	0	1
19	02	21	19	59	42	30.7	76.0	39.99957212	749.971428571	246.150997295	0.0554513987554	1	1
19	02	21	20	00	03	28.1	77.0	39.9999959	711.742857143	216.911547853	0.048291743529	0	1
19	02	21	20	00	04	24.4	73.0	39.99999712	706.1	127.158860149	0.0549482409782	1	1
19	02	21	20	00	25	26.0	73.0	39.97683646	689.685714286	180.402767072	0.0459070795477	0	1
19	02	21	20	00	26	25.7	72.0	39.98373661	608.928571429	94.6852411834	0.026759423171	1	1
19	02	21	20	00	47	35.2	82.0	39.99984424	688.914285714	158.688980881	0.046746277196	0	1
19	02	21	20	00	48	38.7	81.0	39.99989064	714.571428571	186.623193431	0.0487524619916	1	1
19	02	21	20	01	09	33.4	75.0	39.99999895	659.271428571	164.870505153	0.0407856088028	0	1
19	02	21	20	01	10	24.0	73.0	39.99999926	727.171428571	188.653042945	0.0531317563596	1	1
19	02	21	20	01	30	27.9	73.0	39.99345006	682.757142857	142.559003896	0.0491384099143	0	1
19	02	21	20	01	30	29.0	74.0	39.99407969	640.842857143	122.8648079	0.0360182710595	1	1
19	02	21	20	01	51	25.6	71.0	39.99993727	643.728571429	177.756890277	0.0300390636767	0	1
19	02	21	20	01	51	24.2	77.0	39.99995596	784.614285714	246.283071332	0.0597893467384	1	1
19	02	21	20	02	12	24.5	72.0	39.99999958	607.342857143	112.944978477	0.0274025744358	0	1
19	02	21	20	02	12	58.7	77.0	39.99999958	581.157142857	96.5488234321	0.0149589943734	1	1
19	02	21	20	02	33	26.5	70.0	39.99736206	614.4	112.195034268	0.0275994858402	1	1
19	02	21	20	02	33	21.0	76.0	39.99736206	591.542857143	80.8129561243	0.0204270780898	0	1
19	02	21	20	02	54	21.1	66.0	39.99997474	695.571428571	173.498750216	0.0443928531037	1	1
19	02	21	20	02	54	7.1	66.0	39.99997474	695.571428571	173.498750216	0.0443928531037	0	1
19	02	21	20	03	15	12.9	63.0	39.99999981	695.571428571	173.498750216	0.0443928531037	1	1
19	02	21	20	03	15	10.3	63.0	39.99999981	695.571428571	173.498750216	0.0443928531037	0	1
19	02	21	20	03	36	10.7	67.0	39.99848684	695.571428571	173.498750216	0.0443928531037	1	1
19	02	21	20	03	36	41.1	65.0	39.99848684	695.571428571	173.498750216	0.0443928531037	0	1
19	02	21	20	03	57	20.7	71.0	39.99998874	695.571428571	173.498750216	0.0443928531037	0	1
19	02	21	20	04	18	23.2	64.0	39.99999989	695.571428571	173.498750216	0.0443928531037	1	1
19	02	21	20	04	18	27.2	67.0	39.99999989	695.571428571	173.498750216	0.0443928531037	0	1
19	02	21	20	04	39	17.7	63.0	39.99932578	695.571428571	173.498750216	0.0443928531037	0	1
19	02	21	20	04	40	14.3	64.0	39.99939059	695.571428571	173.498750216	0.0443928531037	1	1
19	02	21	20	05	01	7.9	61.0	39.99999547	695.571428571	173.498750216	0.0443928531037	0	1
19	02	21	20	05	02	9.7	65.0	39.9999959	695.571428571	173.498750216	0.0443928531037	1	1
19	02	21	20	05	23	7.8	60.0	39.974373	695.571428571	173.498750216	0.0443928531037	0	1
19	02	21	20	05	24	3.9	60.0	39.97683646	695.571428571	173.498750216	0.0443928531037	1	1
19	02	21	20	05	44	8.1	59.0	39.99975456	695.571428571	173.498750216	0.0443928531037	0	1
19	02	21	20	05	45	12.7	61.0	39.99982768	695.571428571	173.498750216	0.0443928531037	1	1
19	02	21	20	06	05	10.5	60.0	39.99999817	695.571428571	173.498750216	0.0443928531037	0	1
19	02	21	20	06	05	9.2	61.0	39.99999835	695.571428571	173.498750216	0.0443928531037	1	1
19	02	21	20	06	26	7.9	60.0	39.98967894	695.571428571	173.498750216	0.0443928531037	0	1
19	02	21	20	06	26	30.1	65.0	39.98967894	695.571428571	173.498750216	0.0443928531037	1	1
19	02	21	20	06	47	10.8	59.0	39.99989064	695.571428571	173.498750216	0.0443928531037	0	1
19	02	21	20	06	47	13.4	60.0	39.99990115	695.571428571	173.498750216	0.0443928531037	1	1
19	02	21	20	07	08	8.5	60.0	39.99999926	695.571428571	173.498750216	0.0443928531037	0	1
19	02	21	20	07	08	10.3	60.0	39.99999926	695.571428571	173.498750216	0.0443928531037	1	1
19	02	21	20	07	29	9.8	62.0	39.99407969	695.571428571	173.498750216	0.0443928531037	1	1
19	02	21	20	07	29	17.5	61.0	39.99407969	695.571428571	173.498750216	0.0443928531037	0	1
19	02	21	20	07	50	7.5	58.0	39.99995596	695.571428571	173.498750216	0.0443928531037	1	1
19	02	21	20	07	50	11.8	58.0	39.99995596	695.571428571	173.498750216	0.0443928531037	0	1
19	02	21	20	08	11	8.5	63.0	39.99999958	695.571428571	173.498750216	0.0443928531037	1	1
19	02	21	20	08	11	17.5	60.0	39.99999958	695.571428571	173.498750216	0.0443928531037	0	1
19	02	21	20	08	32	9.7	60.0	39.99736206	695.571428571	173.498750216	0.0443928531037	0	1
19	02	21	20	08	33	9.0	58.0	39.99761564	695.571428571	173.498750216	0.0443928531037	1	1
19	02	21	20	08	54	13.7	61.0	39.99998226	695.571428571	173.498750216	0.0443928531037	0	1
19	02	21	20	08	55	10.1	60.0	39.99998397	695.571428571	173.498750216	0.0443928531037	1	1
19	02	21	20	09	16	23.0	60.0	39.99999988	695.571428571	173.498750216	0.0443928531037	0	1
19	02	21	20	09	17	4.3	59.0	39.99999989	695.571428571	173.498750216	0.0443928531037	1	1
19	02	21	20	09	38	5.4	58.0	39.99932578	695.571428571	173.498750216	0.0443928531037	0	1
19	02	21	20	09	39	7.9	59.0	39.99939059	695.571428571	173.498750216	0.0443928531037	1	1
19	02	21	20	10	00	6.9	61.0	39.99999547	695.571428571	173.498750216	0.0443928531037	0	1
19	02	21	20	10	01	10.9	61.0	39.9999959	695.571428571	173.498750216	0.0443928531037	1	1
19	02	21	20	10	22	5.2	58.0	39.974373	695.571428571	173.498750216	0.0443928531037	0	1
19	02	21	20	10	22	8.5	58.0	39.97683646	695.571428571	173.498750216	0.0443928531037	1	1
19	02	21	20	10	43	9.9	59.0	39.99975456	695.571428571	173.498750216	0.0443928531037	0	1
19	02	21	20	10	43	35.9	64.0	39.99982768	695.571428571	173.498750216	0.0443928531037	1	1
19	02	21	20	11	04	11.8	61.0	39.99999817	695.571428571	173.498750216	0.0443928531037	0	1
19	02	21	20	11	04	24.1	66.0	39.99999835	695.571428571	173.498750216	0.0443928531037	1	1
19	02	21	20	11	25	10.2	59.0	39.98967894	695.571428571	173.498750216	0.0443928531037	0	1
19	02	21	20	11	25	11.8	59.0	39.98967894	695.571428571	173.498750216	0.0443928531037	1	1
19	02	21	20	11	46	8.2	60.0	39.99989064	695.571428571	173.498750216	0.0443928531037	0	1
19	02	21	20	11	46	23.3	60.0	39.99990115	695.571428571	173.498750216	0.0443928531037	1	1
19	02	21	20	12	07	10.3	59.0	39.99999926	695.571428571	173.498750216	0.0443928531037	0	1
19	02	21	20	12	07	20.5	59.0	39.99999926	695.571428571	173.498750216	0.0443928531037	1	1
19	02	21	20	12	28	5.0	58.0	39.99407969	695.571428571	173.498750216	0.0443928531037	1	1
19	02	21	20	12	28	14.9	62.0	39.99407969	695.571428571	173.498750216	0.0443928531037	0	1
19	02	21	20	12	49	6.5	57.0	39.99995596	695.571428571	173.498750216	0.0443928531037	1	1
19	02	21	20	12	49	8.1	57.0	39.99995596	695.571428571	173.498750216	0.0443928531037	0	1
19	02	21	20	13	10	9.4	58.0	39.99999958	695.571428571	173.498750216	0.0443928531037	1	1
19	02	21	20	13	10	12.8	58.0	39.99999958	695.571428571	173.498750216	0.0443928531037	0	1
19	02	21	20	13	31	21.8	60.0	39.99736206	695.571428571	173.498750216	0.0443928531037	0	1
19	02	21	20	13	32	12.2	61.0	39.99761564	695.571428571	173.498750216	0.0443928531037	1	1
19	02	21	20	13	53	7.8	59.0	39.99998226	695.571428571	173.498750216	0.0443928531037	0	1
19	02	21	20	14	14	16.0	61.0	39.99999983	695.571428571	173.498750216	0.0443928531037	1	1
19	02	21	20	14	14	17.9	61.0	39.99999983	695.571428571	173.498750216	0.0443928531037	0	1
19	02	21	20	14	35	22.5	62.0	39.99893759	695.571428571	173.498750216	0.0443928531037	0	1
19	02	21	20	14	36	17.5	62.0	39.99903972	695.571428571	173.498750216	0.0443928531037	1	1
19	02	21	20	14	57	18.6	64.0	39.99999286	695.571428571	173.498750216	0.0443928531037	1	1
19	02	21	20	14	57	16.9	65.0	39.99999286	695.571428571	173.498750216	0.0443928531037	0	1
19	02	21	20	15	18	14.3	62.0	39.99999993	695.571428571	173.498750216	0.0443928531037	0	1
19	02	21	20	15	18	17.0	62.0	39.95961831	695.571428571	173.498750216	0.0443928531037	1	1
19	02	21	20	15	40	12.8	64.0	39.99961326	695.571428571	173.498750216	0.0443928531037	0	1
19	02	21	20	15	40	13.9	63.0	39.99972846	695.571428571	173.498750216	0.0443928531037	1	1
19	02	21	20	16	02	15.5	63.0	39.9999974	695.571428571	173.498750216	0.0443928531037	0	1
19	02	21	20	16	02	17.7	62.0	39.99999817	695.571428571	173.498750216	0.0443928531037	1	1
19	02	21	20	16	24	17.3	63.0	39.98967894	695.571428571	173.498750216	0.0443928531037	0	1
19	02	21	20	16	24	16.7	63.0	39.98967894	695.571428571	173.498750216	0.0443928531037	1	1
19	02	21	20	16	46	15.8	63.0	39.9999306	695.571428571	173.498750216	0.0443928531037	0	1
19	02	21	20	16	46	22.9	64.0	39.9999306	695.571428571	173.498750216	0.0443928531037	1	1
19	02	21	20	17	07	18.9	65.0	39.99999934	695.571428571	173.498750216	0.0443928531037	0	1
19	02	21	20	17	07	36.4	65.0	39.99999934	695.571428571	173.498750216	0.0443928531037	1	1
19	02	21	20	17	28	20.5	66.0	39.99584328	695.571428571	173.498750216	0.0443928531037	1	1
19	02	21	20	17	28	23.4	70.0	39.99584328	695.571428571	173.498750216	0.0443928531037	0	1
19	02	21	20	17	49	20.2	65.0	39.99996019	695.571428571	173.498750216	0.0443928531037	1	1
19	02	21	20	17	49	19.1	65.0	39.99996019	695.571428571	173.498750216	0.0443928531037	0	1
19	02	21	20	18	10	17.2	64.0	39.9999997	695.571428571	173.498750216	0.0443928531037	1	1
19	02	21	20	18	10	23.2	65.0	39.9999997	695.571428571	173.498750216	0.0443928531037	0	1
19	02	21	20	18	31	20.0	64.0	39.99761564	695.571428571	173.498750216	0.0443928531037	1	1
19	02	21	20	18	31	18.7	66.0	39.99761564	695.571428571	173.498750216	0.0443928531037	0	1
19	02	21	20	18	52	20.3	66.0	39.99998226	695.571428571	173.498750216	0.0443928531037	1	1
19	02	21	20	18	52	22.4	66.0	39.99998226	695.571428571	173.498750216	0.0443928531037	0	1
19	02	21	20	19	13	16.6	67.0	39.99999983	695.571428571	173.498750216	0.0443928531037	1	1
19	02	21	20	19	13	15.4	67.0	39.99999983	695.571428571	173.498750216	0.0443928531037	0	1
19	02	21	20	19	34	16.8	66.0	39.99893759	695.571428571	173.498750216	0.0443928531037	0	1
19	02	21	20	19	35	13.4	66.0	39.99903972	695.571428571	173.498750216	0.0443928531037	1	1
19	02	21	20	19	56	19.8	67.0	39.99999286	695.571428571	173.498750216	0.0443928531037	1	1
19	02	21	20	19	56	23.9	67.0	39.99999286	695.571428571	173.498750216	0.0443928531037	0	1
19	02	21	20	20	18	15.5	65.0	39.95961831	695.571428571	173.498750216	0.0443928531037	0	1
19	02	21	20	20	18	8.6	64.0	39.9635001	695.571428571	173.498750216	0.0443928531037	1	1
19	02	21	20	20	40	7.6	63.0	39.99972846	695.571428571	173.498750216	0.0443928531037	0	1
19	02	21	20	20	40	9.0	62.0	39.99975456	695.571428571	173.498750216	0.0443928531037	1	1
19	02	21	20	21	02	6.5	61.0	39.99999817	695.571428571	173.498750216	0.0443928531037	0	1
19	02	21	20	21	02	9.9	61.0	39.99999835	695.571428571	173.498750216	0.0443928531037	1	1
19	02	21	20	21	24	5.2	61.0	39.99067108	695.571428571	173.498750216	0.0443928531037	0	1
19	02	21	20	21	24	22.2	61.0	39.99067108	695.571428571	173.498750216	0.0443928531037	0	1
19	02	21	20	21	45	10.0	62.0	39.9999306	695.571428571	173.498750216	0.0443928531037	0	1
19	02	21	20	21	45	0.0	62.0	39.9999306	695.571428571	173.498750216	0.0443928531037	0	1
19	02	21	20	22	06	11.5	62.0	39.99999934	695.571428571	173.498750216	0.0443928531037	0	1
19	02	21	20	22	06	28.6	62.0	39.99999934	695.571428571	173.498750216	0.0443928531037	0	1
19	02	21	20	22	27	5.8	62.0	39.99584328	695.571428571	173.498750216	0.0443928531037	1	1
19	02	21	20	22	27	22.4	66.0	39.99584328	695.571428571	173.498750216	0.0443928531037	0	1
19	02	21	20	22	48	8.1	65.0	39.99996019	679.957142857	174.745156133	0.0433741325407	1	1
19	02	21	20	22	48	22.7	64.0	39.99996019	699.228571429	158.179750504	0.0497317090622	0	1
19	02	21	20	23	09	22.4	70.0	39.9999997	623.885714286	133.390248397	0.0306354021283	1	1
19	02	21	20	23	09	25.9	72.0	39.9999997	620.542857143	114.613846797	0.0280387013772	0	1
19	02	21	20	23	30	21.9	74.0	39.99761564	638.614285714	147.380100698	0.0303765123467	1	1
19	02	21	20	23	30	21.7	76.0	39.99761564	665.042857143	170.361333282	0.0365120365911	0	1
19	02	21	20	23	51	23.7	75.0	39.99998226	728.328571429	198.438239505	0.0496901473111	1	1
19	02	21	20	23	51	20.4	76.0	39.99998226	735.442857143	203.47338441	0.053697127225	0	1
19	02	21	20	24	12	28.6	75.0	39.99999983	666.828571429	150.126705669	0.0414084483838	1	1
19	02	21	20	24	12	25.8	81.0	39.99999983	667.471428571	162.614770145	0.0371313706272	0	1
19	02	21	20	24	33	21.9	79.0	39.99893759	672.1	224.836902792	0.0346716611623	0	1
19	02	21	20	24	34	22.6	76.0	39.99903972	593.185714286	132.731877198	0.0172334834184	1	1
19	02	21	20	24	55	21.0	79.0	39.99999286	656.128571429	164.211007238	0.03612956006	0	1
19	02	21	20	24	56	27.9	80.0	39.99999354	656.714285714	172.77914415	0.0324083264863	1	1
19	02	21	20	25	17	22.2	75.0	39.95961831	642.942857143	141.641084205	0.0362610795239	0	1
19	02	21	20	25	17	25.0	75.0	39.9635001	692.8	189.000272109	0.0450782340962	1	1
19	02	21	20	25	39	21.8	73.0	39.99972846	587.157142857	98.2808854711	0.0220894788171	0	1
19	02	21	20	25	39	24.4	75.0	39.99975456	674.371428571	184.348363659	0.0427563595476	1	1
19	02	21	20	26	01	22.2	79.0	39.99999835	777.928571429	143.535094905	0.0734154489072	0	1
19	02	21	20	26	01	30.0	78.0	39.99999835	785.485714286	178.613048864	0.0716258946384	1	1
19	02	21	20	26	23	21.7	77.0	39.99067108	712.142857143	260.902515222	0.0422433925512	1	1
19	02	21	20	26	23	29.4	77.0	39.99067108	675.328571429	207.952997535	0.0368116019562	0	1
19	02	21	20	26	44	31.3	85.0	39.9999306	713.485714286	160.550725661	0.0552313918975	0	1
19	02	21	20	26	44	66.7	84.0	39.9999306	713.485714286	160.550725661	0.0552313918975	0	1
19	02	21	20	27	05	37.9	81.0	39.99999934	636.814285714	162.690090387	0.0293036972134	1	1
19	02	21	20	27	05	22.2	78.0	39.99999934	665.042857143	186.490860421	0.0365613445973	0	1
19	02	21	20	27	26	24.9	79.0	39.99584328	719.128571429	173.842944015	0.0542569889004	1	1
19	02	21	20	27	26	36.9	78.0	39.99584328	688.914285714	262.067807085	0.036867577305	0	1
19	02	21	20	27	47	23.1	81.0	39.99996019	679.957142857	174.745156133	0.0433741325407	1	1
19	02	21	20	27	47	32.2	79.0	39.99996019	690.671428571	184.523457388	0.0459453570505	0	1
19	02	21	20	28	08	26.7	79.0	39.9999997	584.985714286	73.6296704281	0.0177396597044	1	1
19	02	21	20	28	08	21.1	80.0	39.9999997	677.742857143	203.174427927	0.038824773798	0	1
19	02	21	20	28	29	25.5	78.0	39.99761564	703.0	176.13671638	0.0472404269082	1	1
19	02	21	20	28	29	24.6	80.0	39.99761564	786.214285714	216.295293711	0.0644083614214	0	1
19	02	21	20	28	50	25.8	81.0	39.99998226	733.2	204.676511319	0.0506051329459	1	1
19	02	21	20	28	50	47.9	81.0	39.99998226	715.185714286	180.8388622	0.0487471639496	0	1
19	02	21	20	29	11	24.2	75.0	39.99999983	623.614285714	135.879389045	0.0281799893304	1	1
19	02	21	20	29	11	24.4	80.0	39.99999983	689.814285714	184.786695011	0.0429650615491	0	1
19	02	21	20	29	32	22.7	80.0	39.99893759	672.1	224.836902792	0.0346716611623	0	1
19	02	21	20	29	33	25.7	80.0	39.99903972	593.185714286	132.731877198	0.0172334834184	1	1
19	02	21	20	29	54	23.7	79.0	39.99999286	649.514285714	149.633241423	0.0365553878704	0	1
19	02	21	20	29	55	35.6	82.0	39.99999354	656.714285714	172.77914415	0.0324083264863	1	1
19	02	21	20	30	16	25.4	76.0	39.95961831	634.085714286	135.391363183	0.0321420216324	0	1
19	02	21	20	30	16	25.9	77.0	39.9635001	650.342857143	172.241764117	0.035062147408	1	1
19	02	21	20	30	37	22.1	80.0	39.99961326	673.085714286	133.974383784	0.0443952373921	0	1
19	02	21	20	30	37	22.2	74.0	39.99972846	598.3	72.8425601653	0.0262756174878	1	1
19	02	21	20	30	59	26.5	77.0	39.9999974	752.585714286	185.582595617	0.0589318371528	0	1
19	02	21	20	30	59	45.1	79.0	39.99999817	683.928571429	157.375648999	0.0457103310224	1	1
19	02	21	20	31	21	24.3	75.0	39.98967894	602.514285714	103.272281284	0.0240781798268	1	1
19	02	21	20	31	21	28.6	76.0	39.98967894	643.0	154.059635948	0.0327901997071	0	1
19	02	21	20	31	42	21.2	76.0	39.99990115	757.242857143	246.978393255	0.052111557522	1	1
19	02	21	20	31	42	23.3	77.0	39.99990115	775.742857143	243.5560766	0.0620853702385	0	1
19	02	21	20	32	03	22.5	79.0	39.99999926	663.814285714	143.027798782	0.0414452505773	0	1
19	02	21	20	32	03	20.0	80.0	39.99999926	663.814285714	143.027798782	0.0414452505773	0	1
19	02	21	20	32	26	23.5	77.0	39.99624285	753.842857143	253.147141612	0.0542173999333	1	1
19	02	21	20	32	26	34.8	78.0	39.99624285	654.085714286	157.33655854	0.037502458964	0	1
19	02	21	20	32	47	24.9	81.0	39.99997205	600.0	122.145697544	0.0211994115763	1	1
19	02	21	20	32	47	36.1	79.0	39.99997205	767.0	277.345838775	0.0530611189844	0	1
19	02	21	20	33	08	23.9	74.0	39.99999973	712.442857143	200.983768763	0.0488209533921	1	1
19	02	21	20	33	08	23.9	77.0	39.99999973	592.942857143	127.12062727	0.0159466154298	0	1
19	02	21	20	33	29	23.3	77.0	39.99832592	606.1	90.4327927248	0.0250255422117	1	1
19	02	21	20	33	29	23.0	72.0	39.99832592	752.071428571	186.929499425	0.0610703520017	0	1
19	02	21	20	33	50	22.9	74.0	39.99998397	718.428571429	193.463881563	0.0522615148573	1	1
19	02	21	20	33	50	29.0	79.0	39.99998397	606.928571429	101.538918848	0.0247256939175	0	1
19	02	21	20	34	11	24.2	77.0	39.99999988	681.457142857	164.843968278	0.0441008592799	0	1
19	02	21	20	34	32	25.0	77.0	39.99903972	578.142857143	76.6512111011	0.0160955479822	0	1
19	02	21	20	34	33	26.3	75.0	39.99932578	785.285714286	344.653952449	0.0514420628371	1	1
19	02	21	20	34	54	25.2	78.0	39.99999354	697.485714286	182.230054198	0.0488124763888	0	1
19	02	21	20	34	55	26.8	76.0	39.99999547	630.028571429	139.459975971	0.02865439229	1	1
19	02	21	20	35	16	25.3	77.0	39.9635001	597.671428571	81.8501630033	0.0256704328536	0	1
19	02	21	20	35	16	31.6	80.0	39.974373	609.3	104.841424474	0.0287797460843	1	1
19	02	21	20	35	37	22.9	70.0	39.99975456	637.6	155.621463815	0.0286025365558	0	1
19	02	21	20	35	37	10.8	69.0	39.99975456	637.6	155.621463815	0.0286025365558	1	1
19	02	21	20	35	59	6.8	67.0	39.99999835	637.6	155.621463815	0.0286025365558	1	1
19	02	21	20	35	59	6.8	67.0	39.99999835	637.6	155.621463815	0.0286025365558	1	1
19	02	21	20	36	21	21.0	79.0	39.99067108	680.528571429	201.701740302	0.0394411015993	1	1
19	02	21	20	36	21	29.5	79.0	39.99067108	682.614285714	221.569679002	0.0362407577315	0	1
19	02	21	20	36	42	11.2	66.0	39.9999306	569.328571429	68.1197939408	0.01665475997	1	1
19	02	21	20	36	42	24.6	72.0	39.9999306	569.328571429	68.1197939408	0.01665475997	0	1
19	02	21	20	37	03	14.1	67.0	39.99999934	595.214285714	106.917711062	0.0201348530434	1	1
19	02	21	20	37	03	11.2	67.0	39.99999934	595.214285714	106.917711062	0.0201348530434	0	1
19	02	21	20	37	24	7.7	64.0	39.99584328	595.214285714	106.917711062	0.0201348530434	1	1
19	02	21	20	37	24	7.5	64.0	39.99584328	595.214285714	106.917711062	0.0201348530434	0	1
19	02	21	20	37	46	6.4	62.0	39.99997205	608.8	105.893153697	0.0296673822053	1	1
19	02	21	20	37	46	8.7	62.0	39.99997205	751.557142857	261.604643674	0.0540479272304	0	1
19	02	21	20	38	07	5.8	62.0	39.99999973	760.357142857	216.289887203	0.0618279883459	1	1
19	02	21	20	38	07	4.8	62.0	39.99999973	760.357142857	216.289887203	0.0618279883459	0	1
19	02	21	20	38	28	5.3	62.0	39.99832592	657.257142857	131.671635487	0.0406014524017	1	1
19	02	21	20	38	28	28.2	70.0	39.99832592	649.742857143	145.850773612	0.0362584583145	0	1
19	02	21	20	38	50	8.8	62.0	39.99998874	669.542857143	170.332673295	0.0417080873778	1	1
19	02	21	20	38	50	5.8	61.0	39.99998874	607.157142857	109.262022642	0.0232601907971	0	1
19	02	21	20	39	11	13.1	62.0	39.99999989	583.357142857	85.5269440777	0.0223670157956	0	1
19	02	21	20	39	32	17.7	65.0	39.99939059	615.328571429	116.407132996	0.0257386029251	1	1
19	02	21	20	39	32	17.7	65.0	39.99939059	615.328571429	116.407132996	0.0257386029251	1	1
19	02	21	20	39	54	13.9	65.0	39.99999547	743.771428571	233.711187545	0.0553122564653	0	1
19	02	21	20	39	54	8.3	64.0	39.9999959	743.771428571	233.711187545	0.0553122564653	1	1
19	02	21	20	40	16	14.7	64.0	39.974373	656.128571429	151.006709541	0.0385820292513	0	1
19	02	21	20	40	16	9.6	64.0	39.97683646	656.128571429	151.006709541	0.0385820292513	1	1
19	02	21	20	40	37	20.7	68.0	39.99982768	666.914285714	170.402610884	0.0440278982797	0	1
19	02	21	20	40	37	23.3	67.0	39.99982768	666.914285714	170.402610884	0.0440278982797	1	1
19	02	21	20	40	58	16.0	70.0	39.99999835	621.185714286	151.447897015	0.0282856890898	0	1
19	02	21	20	40	58	19.4	67.0	39.99999835	621.185714286	151.447897015	0.0282856890898	1	1
19	02	21	20	41	19	10.0	65.0	39.98967894	798.557142857	235.509456026	0.0632612167285	1	1
19	02	21	20	41	19	17.7	64.0	39.98967894	798.557142857	235.509456026	0.0632612167285	0	1
19	02	21	20	41	40	10.5	64.0	39.99990115	718.657142857	156.704807631	0.055489822039	1	1
19	02	21	20	41	40	12.4	65.0	39.99990115	718.657142857	156.704807631	0.055489822039	0	1
19	02	21	20	42	01	11.5	64.0	39.99999934	653.7	143.815094578	0.0331512111967	0	1
19	02	21	20	42	01	11.5	64.0	39.99999934	653.7	143.815094578	0.0331512111967	0	1
19	02	21	20	42	30	11.0	63.0	39.99903972	656.4	152.33219339	0.0388801061384	1	1
19	02	21	20	42	30	9.6	63.0	39.99903972	656.4	152.33219339	0.0388801061384	0	1
19	02	21	20	42	51	13.6	64.0	39.99999286	598.0	131.411023673	0.0200789550835	1	1
19	02	21	20	42	51	10.8	64.0	39.99999286	598.0	131.411023673	0.0200789550835	0	1
19	02	21	20	43	12	10.2	64.0	39.99999993	726.171428571	203.669408	0.05088984707	1	1
19	02	21	20	43	12	14.2	64.0	39.99999993	691.571428571	180.599285826	0.0462314180545	0	1
19	02	21	20	43	33	10.9	64.0	39.99957212	706.514285714	187.873950362	0.0468728312384	1	1
19	02	21	20	43	33	9.8	64.0	39.99957212	706.514285714	187.873950362	0.0468728312384	0	1
19	02	21	20	43	54	9.7	64.0	39.9999959	780.971428571	215.018601948	0.0632059825222	0	1
19	02	21	20	44	15	14.4	63.0	39.974373	625.557142857	119.961974417	0.031821149861	0	1
19	02	21	20	44	15	12.0	63.0	39.97683646	625.557142857	119.961974417	0.031821149861	1	1
19	02	21	20	44	37	23.9	70.0	39.99982768	727.014285714	211.676605959	0.0506234227838	0	1
19	02	21	20	44	37	32.1	67.0	39.99984424	704.314285714	194.466856732	0.0481226821096	1	1
19	02	21	20	44	59	27.6	71.0	39.99999884	613.842857143	124.167126511	0.02445192981	0	1
19	02	21	20	44	59	21.2	69.0	39.99999895	613.842857143	124.167126511	0.02445192981	1	1
19	02	21	20	45	21	18.0	66.0	39.99407969	606.914285714	123.499536478	0.0249049019051	0	1
19	02	21	20	45	21	11.4	67.0	39.99407969	606.914285714	123.499536478	0.0249049019051	1	1
19	02	21	20	45	42	7.2	65.0	39.99995596	689.042857143	146.41579108	0.046727457535	0	1
19	02	21	20	45	42	30.0	65.0	39.99995596	689.042857143	146.41579108	0.046727457535	1	1
19	02	21	20	46	03	12.4	65.0	39.99999958	622.3	130.320522449	0.0289457830668	1	1
19	02	21	20	46	03	12.4	65.0	39.99999958	622.3	130.320522449	0.0289457830668	1	1
19	02	21	20	46	26	8.0	64.0	39.99832592	622.3	130.320522449	0.0289457830668	1	1
19	02	21	20	46	26	21.6	64.0	39.99832592	622.3	130.320522449	0.0289457830668	0	1
19	02	21	20	46	47	10.5	64.0	39.99998397	669.185714286	166.682014872	0.0435872970812	1	1
19	02	21	20	46	47	11.0	65.0	39.99998397	669.185714286	166.682014872	0.0435872970812	0	1
19	02	21	20	47	08	9.5	63.0	39.99999988	669.185714286	166.682014872	0.0435872970812	1	1
19	02	21	20	47	08	11.3	63.0	39.99999988	669.185714286	166.682014872	0.0435872970812	0	1
19	02	21	20	47	29	8.5	63.0	39.99903972	669.185714286	166.682014872	0.0435872970812	1	1
19	02	21	20	47	29	18.5	65.0	39.99903972	669.185714286	166.682014872	0.0435872970812	0	1
19	02	21	20	47	50	10.4	62.0	39.99999286	669.185714286	166.682014872	0.0435872970812	1	1
19	02	21	20	47	50	6.5	62.0	39.99999286	669.185714286	166.682014872	0.0435872970812	0	1
19	02	21	20	48	11	12.7	63.0	39.99999993	669.185714286	166.682014872	0.0435872970812	1	1
19	02	21	20	48	11	15.4	63.0	39.99999993	669.185714286	166.682014872	0.0435872970812	0	1
19	02	21	20	48	32	9.0	62.0	39.99957212	669.185714286	166.682014872	0.0435872970812	0	1
19	02	21	20	48	33	14.7	62.0	39.99961326	669.185714286	166.682014872	0.0435872970812	1	1
19	02	21	20	48	54	10.8	63.0	39.99999712	669.185714286	166.682014872	0.0435872970812	1	1
19	02	21	20	48	54	16.6	64.0	39.99999712	669.185714286	166.682014872	0.0435872970812	0	1
19	02	21	20	49	15	13.1	63.0	39.97683646	669.185714286	166.682014872	0.0435872970812	0	1
19	02	21	20	49	15	10.1	63.0	39.98373661	669.185714286	166.682014872	0.0435872970812	1	1
19	02	21	20	49	37	22.0	66.0	39.99984424	669.185714286	166.682014872	0.0435872970812	0	1
19	02	21	20	49	37	27.1	67.0	39.99989064	669.185714286	166.682014872	0.0435872970812	1	1
19	02	21	20	49	59	28.5	69.0	39.99999895	669.185714286	166.682014872	0.0435872970812	0	1
19	02	21	20	49	59	26.7	69.0	39.99999926	669.185714286	166.682014872	0.0435872970812	1	1
19	02	21	20	50	21	25.5	69.0	39.99584328	669.185714286	166.682014872	0.0435872970812	1	1
19	02	21	20	50	21	58.3	71.0	39.99584328	669.185714286	166.682014872	0.0435872970812	1	1
19	02	21	20	50	42	23.4	67.0	39.99996019	669.185714286	166.682014872	0.0435872970812	1	1
19	02	21	20	50	42	23.4	67.0	39.99996019	669.185714286	166.682014872	0.0435872970812	1	1
19	02	21	20	51	03	23.3	68.0	39.9999997	669.185714286	166.682014872	0.0435872970812	1	1
19	02	21	20	51	03	16.7	67.0	39.9999997	669.185714286	166.682014872	0.0435872970812	1	1
19	02	21	20	51	24	24.3	70.0	39.99761564	669.185714286	166.682014872	0.0435872970812	1	1
19	02	21	20	51	24	32.2	69.0	39.99761564	669.185714286	166.682014872	0.0435872970812	0	1
19	02	21	20	51	45	24.2	69.0	39.99998226	669.185714286	166.682014872	0.0435872970812	1	1
19	02	21	20	51	45	23.0	68.0	39.99998226	669.185714286	166.682014872	0.0435872970812	0	1
19	02	21	20	52	06	12.2	66.0	39.99999983	698.314285714	227.994582821	0.0418302203183	1	1
19	02	21	20	52	06	23.1	66.0	39.99999983	698.314285714	227.994582821	0.0418302203183	0	1
19	02	21	20	52	28	16.7	71.0	39.99903972	593.185714286	132.731877198	0.0172334834184	1	1
19	02	21	20	52	28	26.6	74.0	39.99903972	647.185714286	147.466925382	0.0350746223836	0	1
19	02	21	20	52	49	23.1	82.0	39.99999286	784.785714286	198.108332042	0.0646649342597	1	1
19	02	21	20	52	49	52.0	83.0	39.99999286	723.271428571	194.23865449	0.0497759195445	0	1
19	02	21	20	53	10	45.2	81.0	39.99999993	663.314285714	165.963037439	0.0340905204576	1	1
19	02	21	20	53	10	31.6	82.0	39.99999993	616.128571429	161.20376825	0.0252165059301	0	1
19	02	21	20	53	31	31.4	79.0	39.99957212	693.785714286	158.279850974	0.049548686056	0	1
19	02	21	20	53	32	33.4	79.0	39.99961326	696.714285714	164.856313442	0.043796894793	1	1
19	02	21	20	53	53	33.5	78.0	39.99999712	677.042857143	133.389594338	0.0465668513457	0	1
19	02	21	20	53	54	30.6	80.0	39.9999974	592.728571429	108.657511926	0.0204888112219	1	1
19	02	21	20	54	15	31.5	81.0	39.98373661	670.928571429	160.791552855	0.0433921720296	0	1
19	02	21	20	54	15	28.7	80.0	39.98529997	725.414285714	281.304791126	0.0448763299179	1	1
19	02	21	20	54	37	29.6	81.0	39.99989064	752.2	236.663268923	0.0507714447926	0	1
19	02	21	20	54	37	33.0	79.0	39.99990115	722.142857143	187.377638986	0.0500690309417	1	1
19	02	21	20	54	59	38.3	82.0	39.99999926	738.342857143	246.064328739	0.0495966501416	0	1
19	02	21	20	54	59	35.2	84.0	39.99999934	721.642857143	174.097758721	0.0535421381804	1	1
19	02	21	20	55	21	29.6	73.0	39.99624285	684.514285714	155.507073138	0.0458707042668	1	1
19	02	21	20	55	21	33.3	73.0	39.99624285	684.514285714	155.507073138	0.0458707042668	0	1
19	02	21	20	55	43	18.7	71.0	39.99997474	684.514285714	155.507073138	0.0458707042668	1	1
19	02	21	20	55	43	35.8	72.0	39.99997474	684.514285714	155.507073138	0.0458707042668	0	1
19	02	21	20	56	04	19.2	68.0	39.99999981	684.514285714	155.507073138	0.0458707042668	1	1
19	02	21	20	56	04	26.3	68.0	39.99999981	684.514285714	155.507073138	0.0458707042668	0	1
19	02	21	20	56	26	19.3	67.0	39.99893759	684.514285714	155.507073138	0.0458707042668	1	1
19	02	21	20	56	26	24.3	72.0	39.99893759	684.514285714	155.507073138	0.0458707042668	0	1
19	02	21	20	56	47	27.3	77.0	39.99998983	718.257142857	294.588268883	0.0408083793702	1	1
19	02	21	20	56	47	27.5	71.0	39.99998983	718.257142857	294.588268883	0.0408083793702	0	1
19	02	21	20	57	08	25.4	70.0	39.99999992	718.257142857	294.588268883	0.0408083793702	1	1
19	02	21	20	57	08	22.6	69.0	39.99999992	718.257142857	294.588268883	0.0408083793702	0	1
19	02	21	20	57	29	27.1	71.0	39.99939059	718.257142857	294.588268883	0.0408083793702	1	1
19	02	21	20	57	29	28.2	71.0	39.99939059	718.257142857	294.588268883	0.0408083793702	0	1
19	02	21	20	57	50	25.1	67.0	39.99999547	718.257142857	294.588268883	0.0408083793702	1	1
19	02	21	20	57	50	13.9	68.0	39.99999547	718.257142857	294.588268883	0.0408083793702	0	1
19	02	21	20	58	11	18.6	67.0	39.9635001	718.257142857	294.588268883	0.0408083793702	0	1
19	02	21	20	58	12	17.2	67.0	39.974373	718.257142857	294.588268883	0.0408083793702	1	1
19	02	21	20	58	33	17.5	67.0	39.99975456	718.257142857	294.588268883	0.0408083793702	0	1
19	02	21	20	58	34	15.4	66.0	39.99982768	718.257142857	294.588268883	0.0408083793702	1	1
19	02	21	20	58	55	18.8	66.0	39.99999835	840.7	273.418117803	0.0694019970487	0	1
19	02	21	20	58	56	27.3	70.0	39.99999884	840.7	273.418117803	0.0694019970487	1	1
19	02	21	20	59	17	10.4	65.0	39.99067108	840.7	273.418117803	0.0694019970487	0	1
19	02	21	20	59	17	10.7	66.0	39.99345006	840.7	273.418117803	0.0694019970487	1	1
19	02	21	20	59	39	9.7	64.0	39.99993727	713.342857143	169.312465638	0.0545382994027	0	1
19	02	21	20	59	39	12.6	65.0	39.99995596	666.814285714	148.324864774	0.043988952538	1	1
19	02	21	21	00	01	11.4	65.0	39.99999958	629.528571429	142.905435409	0.0290615687745	0	1
19	02	21	21	00	01	11.8	65.0	39.9999997	629.528571429	142.905435409	0.0290615687745	1	1
19	02	21	21	00	23	8.5	64.0	39.99832592	574.671428571	59.5866047815	0.0177555788198	1	1
19	02	21	21	00	23	17.9	63.0	39.99832592	574.671428571	59.5866047815	0.0177555788198	0	1
19	02	21	21	00	44	6.8	63.0	39.99998397	643.0	154.059635948	0.0327901997071	1	1
19	02	21	21	00	44	12.5	64.0	39.99998397	643.0	154.059635948	0.0327901997071	0	1
19	02	21	21	01	05	7.7	64.0	39.99999988	660.3	149.790458403	0.0393778752083	1	1
19	02	21	21	01	05	6.4	63.0	39.99999988	660.3	149.790458403	0.0393778752083	0	1
19	02	21	21	01	26	8.1	62.0	39.99903972	660.3	149.790458403	0.0393778752083	1	1
19	02	21	21	01	26	8.1	63.0	39.99903972	660.3	149.790458403	0.0393778752083	0	1
19	02	21	21	01	47	10.7	64.0	39.99999286	660.3	149.790458403	0.0393778752083	1	1
19	02	21	21	01	47	14.7	63.0	39.99999286	660.3	149.790458403	0.0393778752083	0	1
19	02	21	21	02	08	8.7	62.0	39.99999993	660.3	149.790458403	0.0393778752083	1	1
19	02	21	21	02	08	10.6	62.0	39.99999993	660.3	149.790458403	0.0393778752083	0	1
19	02	21	21	02	29	11.3	64.0	39.99957212	679.685714286	200.918572195	0.0421628944276	1	1
19	02	21	21	02	29	12.9	65.0	39.99957212	679.685714286	200.918572195	0.0421628944276	0	1
19	02	21	21	02	50	10.9	64.0	39.9999959	679.685714286	200.918572195	0.0421628944276	1	1
19	02	21	21	02	50	4.7	65.0	39.9999959	679.685714286	200.918572195	0.0421628944276	0	1
19	02	21	21	03	11	13.1	64.0	39.974373	799.485714286	369.588680364	0.0564059427786	0	1
19	02	21	21	03	12	21.7	65.0	39.97683646	799.485714286	369.588680364	0.0564059427786	1	1
19	02	21	21	03	33	11.9	64.0	39.99982768	672.428571429	224.280918966	0.0329887783977	0	1
19	02	21	21	03	34	22.3	66.0	39.99984424	605.671428571	141.131318933	0.0214812904268	1	1
19	02	21	21	03	55	8.5	64.0	39.99999884	715.957142857	154.071452414	0.0564662446909	0	1
19	02	21	21	03	56	25.2	64.0	39.99999895	715.957142857	154.071452414	0.0564662446909	1	1
19	02	21	21	04	17	11.1	63.0	39.99345006	637.714285714	159.371277468	0.0323352661229	0	1
19	02	21	21	04	17	12.2	63.0	39.99407969	637.714285714	159.371277468	0.0323352661229	1	1
19	02	21	21	04	39	7.4	62.0	39.99995596	589.957142857	112.135687669	0.0172205838095	0	1
19	02	21	21	04	39	15.4	63.0	39.99996019	622.571428571	193.897806031	0.0236515843732	1	1
19	02	21	21	05	01	7.2	62.0	39.9999997	699.9	170.21710087	0.0494262187501	0	1
19	02	21	21	05	01	13.8	63.0	39.99999973	699.9	170.21710087	0.0494262187501	1	1
19	02	21	21	05	23	7.3	63.0	39.99848684	663.814285714	143.027798782	0.0414452505773	1	1
19	02	21	21	05	23	9.4	62.0	39.99848684	663.814285714	143.027798782	0.0414452505773	0	1
19	02	21	21	05	44	6.9	64.0	39.99998874	768.371428571	187.023082718	0.065425184597	1	1
19	02	21	21	05	44	21.2	64.0	39.99998874	768.371428571	187.023082718	0.065425184597	0	1
19	02	21	21	06	05	9.7	63.0	39.95961831	672.028571429	174.159284354	0.0382461672521	0	1
19	02	21	21	06	05	9.7	63.0	39.95961831	672.028571429	174.159284354	0.0382461672521	0	1
19	02	21	21	06	35	6.3	61.0	39.99990115	665.342857143	149.933117062	0.0406131658706	1	1
19	02	21	21	06	35	5.9	61.0	39.99998983	716.3	186.139759321	0.047710670651	1	0
19	02	21	21	07	07	5.8	61.0	39.99999993	607.342857143	112.944978477	0.0274025744358	1	1
19	02	21	21	07	07	11.4	61.0	39.99999993	585.614285714	80.0200497835	0.0212742680992	0	1
19	02	21	21	07	28	19.5	69.0	39.99957212	698.857142857	180.049063608	0.0478920551625	0	1
19	02	21	21	07	49	27.1	67.0	39.9999959	617.542857143	100.783740995	0.0311494598803	1	1
19	02	21	21	07	49	26.3	67.0	39.9999959	617.542857143	100.783740995	0.0311494598803	0	1
19	02	21	21	08	10	16.6	67.0	39.974373	633.528571429	114.723483887	0.0342039671583	0	1
19	02	21	21	08	10	10.0	66.0	39.97683646	633.528571429	114.723483887	0.0342039671583	1	1
19	02	21	21	08	32	12.5	65.0	39.99982768	644.585714286	165.382802082	0.0306319087286	0	1
19	02	21	21	08	33	12.0	65.0	39.99984424	644.585714286	165.382802082	0.0306319087286	1	1
19	02	21	21	08	54	10.4	64.0	39.99999884	653.714285714	180.8612051	0.0364428431401	0	1
19	02	21	21	08	54	12.3	65.0	39.99999895	653.714285714	180.8612051	0.0364428431401	1	1
19	02	21	21	09	16	11.9	65.0	39.99407969	704.628571429	196.444406634	0.0454058412144	0	1
19	02	21	21	09	16	19.7	66.0	39.99407969	704.628571429	196.444406634	0.0454058412144	1	1
19	02	21	21	09	37	12.4	64.0	39.99993727	701.442857143	160.890258581	0.0481423682685	0	1
19	02	21	21	09	37	16.4	65.0	39.99995596	701.442857143	160.890258581	0.0481423682685	1	1
19	02	21	21	09	58	11.0	66.0	39.99999958	632.014285714	127.998380889	0.0304002278602	1	1
19	02	21	21	09	58	0.0	66.0	39.99999958	632.014285714	127.998380889	0.0304002278602	1	1
19	02	21	21	10	21	21.0	66.0	39.99832592	651.328571429	136.649261294	0.0390236913605	1	1
19	02	21	21	10	21	17.8	66.0	39.99832592	651.328571429	136.649261294	0.0390236913605	0	1
19	02	21	21	10	43	21.7	70.0	39.99998874	641.2	130.229753019	0.0346857722413	1	1
19	02	21	21	10	43	43.1	73.0	39.99998874	607.985714286	109.091114324	0.0258125227315	0	1
19	02	21	21	11	04	14.9	67.0	39.99999989	653.885714286	122.028046291	0.0413661295721	1	1
19	02	21	21	11	04	19.6	68.0	39.99999989	653.885714286	122.028046291	0.0413661295721	0	1
19	02	21	21	11	25	12.3	67.0	39.99932578	673.3	157.030238216	0.0437707112979	1	1
19	02	21	21	11	25	16.1	67.0	39.99932578	673.3	157.030238216	0.0437707112979	0	1
19	02	21	21	11	46	12.4	66.0	39.99999354	698.985714286	197.515387672	0.0436355060541	1	1
19	02	21	21	11	46	10.6	66.0	39.99999354	698.985714286	197.515387672	0.0436355060541	0	1
19	02	21	21	12	07	8.9	63.0	39.95961831	741.871428571	314.091066022	0.0489698474692	1	1
19	02	21	21	12	07	6.2	63.0	39.95961831	741.871428571	314.091066022	0.0489698474692	0	1
19	02	21	21	12	29	5.7	62.0	39.99972846	666.257142857	193.652463797	0.0340528244156	1	1
19	02	21	21	12	29	14.4	64.0	39.99972846	649.257142857	176.898896525	0.031851097291	0	1
19	02	21	21	12	50	5.1	63.0	39.9999974	626.3	157.289664541	0.0319006069356	1	1
19	02	21	21	12	50	6.5	62.0	39.9999974	626.3	157.289664541	0.0319006069356	0	1
19	02	21	21	13	11	6.3	63.0	39.98373661	785.757142857	214.304752011	0.062573523753	0	1
19	02	21	21	13	11	7.6	62.0	39.98529997	785.757142857	214.304752011	0.062573523753	1	1
19	02	21	21	13	33	5.9	63.0	39.99989064	674.157142857	168.751434763	0.0369294633159	0	1
19	02	21	21	13	33	8.2	67.0	39.99990115	674.157142857	168.751434763	0.0369294633159	1	1
19	02	21	21	13	55	5.3	61.0	39.99999926	618.628571429	140.492010086	0.0274116681967	0	1
19	02	21	21	13	55	11.0	63.0	39.99999934	686.128571429	196.126265556	0.042427875225	1	1
19	02	21	21	14	17	5.3	62.0	39.99624285	706.885714286	193.193577448	0.048136213744	0	1
19	02	21	21	14	17	8.7	62.0	39.99624285	706.885714286	193.193577448	0.048136213744	1	1
19	02	21	21	14	38	6.7	61.0	39.99997205	615.428571429	108.995094441	0.0293431387641	1	1
19	02	21	21	14	38	10.5	62.0	39.99997205	615.428571429	108.995094441	0.0293431387641	1	1
19	02	21	21	15	00	18.4	65.0	39.99999981	642.771428571	176.867841818	0.031449286967	1	1
19	02	21	21	15	00	16.7	64.0	39.99999981	642.771428571	176.867841818	0.031449286967	1	1
19	02	21	21	15	21	19.5	64.0	39.99848684	709.042857143	194.816869005	0.0496974874088	1	1
19	02	21	21	15	21	17.1	64.0	39.99848684	709.042857143	194.816869005	0.0496974874088	0	1
19	02	21	21	15	42	19.4	66.0	39.99998874	650.2	191.059796175	0.0313390772608	1	1
19	02	21	21	15	42	21.5	66.0	39.99998874	643.457142857	150.906563874	0.0304261189349	0	1
19	02	21	21	16	03	16.8	66.0	39.99999989	822.157142857	218.966183672	0.0718998372156	0	1
19	02	21	21	16	03	58.3	66.0	39.99999989	822.157142857	218.966183672	0.0718998372156	0	1
19	02	21	21	16	25	17.5	65.0	39.99939059	747.5	350.849693092	0.0471435870807	0	1
19	02	21	21	16	46	11.4	65.0	39.99999547	683.685714286	187.903892065	0.0785381013546	1	1
19	02	21	21	16	46	7.3	65.0	39.99999547	673.328571429	166.231226345	0.0439217440449	0	1
