19	02	21	21	17	27	6.7	66.0	39.99961326	659.628571429	183.874349289	0.0377808905962	0	1
19	02	21	21	17	28	6.4	64.0	39.99972846	659.628571429	183.874349289	0.0377808905962	1	1
19	02	21	21	17	49	8.3	65.0	39.9999974	570.357142857	65.7784236692	0.0175783293624	0	1
19	02	21	21	17	50	7.3	64.0	39.99999817	570.357142857	65.7784236692	0.0175783293624	1	1
19	02	21	21	18	11	9.8	66.0	39.98529997	664.214285714	163.532425169	0.0387521990576	0	1
19	02	21	21	18	11	18.3	64.0	39.98967894	685.628571429	184.026253673	0.0438848531438	1	1
19	02	21	21	18	33	21.7	66.0	39.99990115	717.514285714	176.425034088	0.0517674238611	0	1
19	02	21	21	18	33	15.5	66.0	39.9999306	717.514285714	176.425034088	0.0517674238611	1	1
19	02	21	21	18	55	15.9	66.0	39.99999934	604.942857143	84.4384620748	0.0261258855242	0	1
19	02	21	21	18	55	18.4	68.0	39.99999953	604.942857143	84.4384620748	0.0261258855242	1	1
19	02	21	21	19	17	14.0	66.0	39.99736206	637.828571429	145.798978189	0.0323205074472	0	1
19	02	21	21	19	17	16.7	66.0	39.99736206	637.828571429	145.798978189	0.0323205074472	1	1
19	02	21	21	19	38	14.4	66.0	39.99997474	592.942857143	127.12062727	0.0159466154298	1	1
19	02	21	21	19	38	17.6	65.0	39.99997474	592.942857143	127.12062727	0.0159466154298	1	1
19	02	21	21	19	59	14.4	64.0	39.99999981	655.442857143	154.797899184	0.0362359786943	1	1
19	02	21	21	19	59	14.4	64.0	39.99999981	655.442857143	154.797899184	0.0362359786943	1	1
19	02	21	21	20	20	14.0	66.0	39.99848684	590.928571429	77.7294431122	0.0209403110191	1	1
19	02	21	21	20	20	16.4	65.0	39.99848684	590.928571429	77.7294431122	0.0209403110191	0	1
19	02	21	21	20	41	16.9	81.0	39.99998874	754.871428571	221.840413775	0.0576789204216	1	1
19	02	21	21	20	41	53.9	79.0	39.99998874	754.871428571	221.840413775	0.0576789204216	0	1
19	02	21	21	21	02	26.0	68.0	39.99999989	882.971428571	345.245915314	0.0757096023253	1	1
19	02	21	21	21	02	23.1	67.0	39.99999989	882.971428571	345.245915314	0.0757096023253	0	1
19	02	21	21	21	24	21.4	72.0	39.99939059	621.357142857	151.21848297	0.0224325949586	1	1
19	02	21	21	21	24	32.2	70.0	39.99939059	621.357142857	151.21848297	0.0224325949586	0	1
19	02	21	21	21	45	20.0	68.0	39.99999547	698.4	258.7493216	0.0386633694808	1	1
19	02	21	21	21	45	18.8	66.0	39.99999547	635.228571429	172.68362247	0.0341519546434	0	1
19	02	21	21	22	06	17.4	70.0	39.9635001	630.271428571	156.357641453	0.0302797462879	0	1
19	02	21	21	22	07	17.3	67.0	39.974373	630.085714286	138.571873342	0.0339485023771	1	1
19	02	21	21	22	28	16.8	70.0	39.99975456	620.471428571	125.119453943	0.027035833784	0	1
19	02	21	21	22	29	21.7	66.0	39.99982768	591.142857143	94.9093229975	0.018430344909	1	1
19	02	21	21	22	50	15.9	65.0	39.99999835	704.928571429	305.014300434	0.0321438371914	0	1
19	02	21	21	22	51	19.6	65.0	39.99999884	704.928571429	305.014300434	0.0321438371914	1	1
19	02	21	21	23	12	16.7	68.0	39.99067108	587.157142857	98.2808854711	0.0220894788171	0	1
19	02	21	21	23	12	20.2	66.0	39.99345006	587.157142857	98.2808854711	0.0220894788171	1	1
19	02	21	21	23	34	17.9	66.0	39.99993727	649.785714286	157.722712637	0.0364137428622	0	1
19	02	21	21	23	34	17.6	64.0	39.99995596	649.785714286	157.722712637	0.0364137428622	1	1
19	02	21	21	23	56	17.2	65.0	39.99999958	568.942857143	76.4740638974	0.0130553867863	0	1
19	02	21	21	23	56	24.4	65.0	39.9999997	568.942857143	76.4740638974	0.0130553867863	1	1
19	02	21	21	24	18	23.7	67.0	39.99832592	640.414285714	179.956938727	0.030935585287	0	1
19	02	21	21	24	18	75.0	69.0	39.99832592	640.414285714	179.956938727	0.030935585287	0	1
19	02	21	21	24	39	23.4	67.0	39.99998397	611.857142857	133.153754919	0.0227114860385	0	1
19	02	21	21	24	39	55.6	67.0	39.99998397	611.857142857	133.153754919	0.0227114860385	0	1
19	02	21	21	25	00	17.3	70.0	39.99999988	712.657142857	179.02042068	0.0535950840137	0	1
19	02	21	21	25	00	50.0	70.0	39.99999988	712.657142857	179.02042068	0.0535950840137	0	1
19	02	21	21	25	21	8.6	64.0	39.99903972	734.928571429	227.248028213	0.0546802743935	1	1
19	02	21	21	25	21	9.6	63.0	39.99903972	734.928571429	227.248028213	0.0546802743935	0	1
19	02	21	21	25	42	10.5	62.0	39.99999286	640.528571429	130.178198902	0.0306951923676	1	1
19	02	21	21	25	42	10.5	64.0	39.99999286	640.528571429	130.178198902	0.0306951923676	0	1
19	02	21	21	26	03	7.3	63.0	39.99999993	840.7	273.418117803	0.0694019970487	1	1
19	02	21	21	26	03	22.9	64.0	39.99999993	748.885714286	202.151184079	0.0596885642426	0	1
19	02	21	21	26	25	10.8	65.0	39.99961326	758.771428571	227.30383514	0.0589207016759	0	1
19	02	21	21	26	46	7.3	63.0	39.99999712	581.042857143	107.902262086	0.0151353848913	1	1
19	02	21	21	26	46	5.8	65.0	39.99999712	581.042857143	107.902262086	0.0151353848913	0	1
19	02	21	21	27	07	10.0	64.0	39.97683646	732.914285714	193.374746679	0.0544882805638	0	1
19	02	21	21	27	08	10.2	63.0	39.98373661	732.914285714	193.374746679	0.0544882805638	1	1
19	02	21	21	27	29	12.7	63.0	39.99984424	700.028571429	184.590664632	0.0449987334323	0	1
19	02	21	21	27	30	10.3	64.0	39.99989064	645.985714286	140.798994807	0.0360574415095	1	1
19	02	21	21	27	51	6.9	64.0	39.99999895	607.985714286	109.091114324	0.0258125227315	0	1
19	02	21	21	27	52	11.9	64.0	39.99999926	607.985714286	109.091114324	0.0258125227315	1	1
19	02	21	21	28	13	12.5	66.0	39.99407969	678.928571429	155.225027569	0.0423185756206	0	1
19	02	21	21	28	13	34.4	66.0	39.99584328	678.928571429	155.225027569	0.0423185756206	1	1
19	02	21	21	28	35	11.2	67.0	39.99996019	741.942857143	185.005859808	0.0553703477225	0	1
19	02	21	21	28	35	11.5	63.0	39.99997205	804.828571429	215.45168311	0.0665308849065	1	1
19	02	21	21	28	57	7.1	63.0	39.99999973	777.8	209.028747169	0.0635307219285	0	1
19	02	21	21	28	57	9.3	63.0	39.99999981	777.8	209.028747169	0.0635307219285	1	1
19	02	21	21	29	19	6.1	63.0	39.99893759	669.914285714	143.320693637	0.0451762256799	1	1
19	02	21	21	29	19	32.4	66.0	39.99893759	669.914285714	143.320693637	0.0451762256799	0	1
19	02	21	21	29	40	10.4	63.0	39.99998983	659.014285714	154.110766552	0.0373776256359	0	1
19	02	21	21	29	40	18.2	64.0	39.99998983	659.014285714	154.110766552	0.0373776256359	0	1
