19	02	25	15	15	03	29.9	25.0	-1	638.585714286	114.8795012	0.0379143386691	1	0
19	02	25	15	15	34	35.6	25.0	-1	622.942857143	107.901792083	0.0353299097758	1	1
19	02	25	15	15	55	35.1	25.0	-1	690.128571429	127.066115684	0.0548882581553	1	1
19	02	25	15	16	16	31.3	25.0	-1	669.357142857	157.455938119	0.0406992489914	1	1
19	02	25	15	16	37	36.2	25.0	-1	627.357142857	109.752193042	0.0291263878206	1	1
19	02	25	15	16	57	48.5	25.0	-1	746.871428571	231.449650275	0.0579394572316	1	1
19	02	25	15	17	19	26.7	25.0	-1	706.1	154.89878262	0.0516729281106	1	1
19	02	25	15	17	40	27.7	25.0	-1	695.385714286	158.925076045	0.0484409842543	1	1
19	02	25	15	18	01	25.5	25.0	-1	713.457142857	166.163833586	0.0522923177223	1	1
19	02	25	15	18	22	24.7	25.0	-1	741.057142857	184.22586182	0.0562893281862	1	1
19	02	25	15	18	44	21.8	25.0	-1	587.142857143	85.685018813	0.0167956634599	1	1
19	02	25	15	19	22	29.7	25.0	-1	686.085714286	174.666191254	0.0434915786974	1	1
19	02	25	15	19	43	22.2	25.0	-1	632.071428571	126.921046485	0.0304826761161	1	1
19	02	25	15	20	04	22.0	25.0	-1	629.957142857	153.853867189	0.0295706392177	1	1
19	02	25	15	20	25	31.0	25.0	-1	744.6	227.941558926	0.0558547603715	1	1
19	02	25	15	20	56	34.0	25.0	-1	663.685714286	160.83634476	0.0360028465157	1	1
19	02	25	15	21	17	28.4	25.0	-1	733.757142857	194.674338738	0.0553958015916	1	1
19	02	25	15	21	38	20.4	25.0	39.9999974	613.114285714	107.623356846	0.0239772756139	1	1
19	02	25	15	21	58	21.8	25.0	39.98373661	670.814285714	182.187916555	0.0401401216564	1	1
19	02	25	15	22	19	21.8	25.0	39.99972846	714.871428571	146.147764895	0.0535228676556	1	1
19	02	25	15	22	40	36.1	25.0	39.99999884	697.257142857	167.217624303	0.0463606103101	1	1
19	02	25	15	23	01	24.4	25.0	39.99067108	627.971428571	179.12278083	0.0286760108315	1	1
19	02	25	15	23	22	24.6	25.0	39.99961326	648.042857143	161.047680226	0.0350435305727	1	1
19	02	25	15	23	43	24.8	25.0	39.99961326	683.928571429	157.375648999	0.0457103310224	1	0
19	02	25	15	24	04	25.0	25.0	39.99961326	752.3	252.272095167	0.0544566961158	1	1
19	02	25	15	24	25	35.3	25.0	39.99961326	706.571428571	158.64304689	0.056160866735	1	1
19	02	25	15	24	46	26.0	25.0	39.99961326	624.371428571	159.650168577	0.0259420985098	1	1
19	02	25	15	25	07	37.1	25.0	39.99961326	826.385714286	220.031705044	0.0763104999473	1	1
19	02	25	15	25	28	29.7	25.0	39.99961326	633.157142857	141.88311444	0.0310107151891	1	1
19	02	25	15	25	49	44.0	25.0	39.99961326	679.957142857	174.745156133	0.0433741325407	1	1
19	02	25	15	26	10	36.8	25.0	39.99961326	638.385714286	129.695059148	0.0328454965606	1	1
19	02	25	15	26	31	39.4	25.0	39.99961326	600.0	122.145697544	0.0211994115763	1	1
19	02	25	15	26	52	28.3	25.0	39.99961326	696.485714286	141.056598859	0.0518614379824	1	1
19	02	25	15	27	12	32.5	25.0	39.99961326	690.914285714	184.499844588	0.0411632068238	1	1
19	02	25	15	27	33	25.2	25.0	39.99999547	643.457142857	150.906563874	0.0304261189349	1	0
19	02	25	15	27	54	24.2	25.0	39.9635001	822.157142857	218.966183672	0.0718998372156	1	0
19	02	25	15	28	15	23.6	25.0	39.99972846	644.742857143	133.422817251	0.038352230859	1	0
19	02	25	15	28	36	20.2	25.0	39.9999974	683.685714286	187.903892065	0.0785381013546	1	0
19	02	25	15	28	57	22.8	25.0	39.98373661	655.342857143	172.368201054	0.0311787922191	1	1
19	02	25	15	29	18	30.5	25.0	39.99984424	681.214285714	188.125861582	0.0416792485561	1	0
19	02	25	15	29	39	26.3	25.0	39.99999547	642.1	155.728532114	0.0349823989834	1	0
19	02	25	15	30	00	28.3	25.0	39.99999547	585.057142857	91.5532453531	0.0203971324001	1	0
19	02	25	15	30	21	34.4	25.0	39.99999547	671.014285714	162.727334859	0.0430779103117	1	0
19	02	25	15	30	42	21.0	25.0	39.99999547	691.7	193.332973317	0.0431846378042	1	0
19	02	25	15	31	03	21.6	25.0	39.99584328	640.971428571	141.256197986	0.0318813505844	1	0
19	02	25	15	31	24	28.3	25.0	39.99996019	606.457142857	116.487483781	0.0242142015695	1	1
19	02	25	15	31	45	30.7	25.0	39.99999958	689.042857143	146.41579108	0.046727457535	1	1
19	02	25	15	32	05	33.4	25.0	39.99999958	794.642857143	201.218930927	0.0692626175806	1	1
19	02	25	15	32	26	39.9	25.0	39.99999958	682.628571429	167.757322295	0.042645974519	1	1
19	02	25	15	32	52	40.0	25.0	39.99999958	643.0	154.059635948	0.0327901997071	1	1
19	02	25	15	33	15	35.8	25.0	39.99999958	684.514285714	155.507073138	0.0458707042668	1	1
19	02	25	15	33	36	43.9	25.0	39.99999958	682.614285714	221.569679002	0.0362407577315	1	1
19	02	25	15	33	57	40.6	25.0	39.99999958	627.657142857	180.140095141	0.0248183212103	1	1
19	02	25	15	34	18	36.0	25.0	39.99999958	685.657142857	155.312669496	0.0457949561951	1	1
19	02	25	15	34	39	43.7	25.0	39.99999958	649.942857143	124.730553676	0.0359246367756	1	1
19	02	25	15	35	00	28.9	25.0	39.99999958	616.642857143	124.627907413	0.0276648037136	1	1
19	02	25	15	35	24	33.0	25.0	39.99999958	723.557142857	208.822045615	0.0494850725507	1	1
19	02	25	15	35	45	28.0	25.0	39.99999958	704.885714286	164.078774013	0.0498031290938	1	1
19	02	25	15	36	06	28.3	25.0	39.99999958	796.7	217.159016786	0.0683837261496	1	1
19	02	25	15	36	27	32.6	25.0	39.99999958	672.285714286	192.531195458	0.0381396593921	1	1
19	02	25	15	36	48	39.5	25.0	39.99999958	767.842857143	263.942235873	0.0548666089752	1	1
19	02	25	15	37	10	34.3	25.0	39.99999958	643.728571429	177.756890277	0.0300390636767	1	1
19	02	25	15	37	31	33.1	25.0	39.99999958	653.371428571	144.077674629	0.0390737911459	1	1
19	02	25	15	37	52	30.6	25.0	39.99999958	641.4	138.767987251	0.0345023140384	1	1
19	02	25	15	38	13	24.7	25.0	39.99999958	585.842857143	99.764384672	0.0171382959759	1	0
19	02	25	15	39	00	20.2	25.0	39.99999958	595.085714286	88.5153324664	0.0246639905514	1	1
19	02	25	15	39	28	19.6	25.0	39.99999958	660.985714286	159.785704068	0.0377509834627	1	1
19	02	25	15	39	58	25.0	25.0	39.99999958	723.285714286	242.72301338	0.0485599647257	1	0
19	02	25	15	40	41	18.9	25.0	39.99999958	685.657142857	155.312669496	0.0457949561951	1	0
19	02	25	15	41	26	41.4	25.0	39.99999958	684.328571429	167.116359927	0.046610616864	1	0
19	02	25	15	42	23	31.6	25.0	39.99999958	646.8	186.215742775	0.0329972725472	1	1
19	02	25	15	42	44	38.2	25.0	39.99999958	729.957142857	177.205323664	0.0559332894419	1	1
19	02	25	15	43	05	38.4	25.0	39.99999958	724.371428571	159.30296127	0.0560608331219	1	1
19	02	25	15	43	26	27.6	25.0	39.99999958	695.614285714	159.531483042	0.046663328453	1	1
19	02	25	15	43	47	40.5	25.0	39.99999958	651.142857143	186.699321731	0.0316785339404	1	1
19	02	25	15	44	14	26.9	25.0	39.99999958	600.8	119.295024444	0.0224874050137	1	1
19	02	25	15	44	35	34.1	25.0	39.99999958	692.342857143	154.191521512	0.0494659318066	1	1
19	02	25	15	44	56	31.3	25.0	39.99999958	572.8	65.2217316982	0.0175247641188	1	1
19	02	25	15	45	17	37.3	25.0	39.99999958	562.014285714	52.4541957622	0.0127363760132	1	1
19	02	25	15	45	43	28.8	25.0	39.99999958	808.228571429	291.612471389	0.0607147782486	1	1
19	02	25	15	46	03	25.4	25.0	39.99761564	579.0	69.0730462213	0.0173060535922	1	0
19	02	25	15	46	24	18.1	25.0	39.99998397	733.557142857	235.030188682	0.0503977196364	1	0
19	02	25	15	46	45	22.2	25.0	39.99999817	660.371428571	159.483825551	0.0382672928276	1	0
19	02	25	15	47	06	33.3	25.0	39.99999817	655.342857143	172.368201054	0.0311787922191	1	0
19	02	25	15	47	27	21.0	25.0	39.99997474	660.985714286	159.785704068	0.0377509834627	1	0
19	02	25	15	47	48	20.3	25.0	39.99999993	563.457142857	56.9946578234	0.0136685348264	1	0
19	02	25	15	48	09	20.3	25.0	39.99407969	677.057142857	153.913323076	0.0441256340513	1	0
19	02	25	15	48	30	20.5	25.0	39.99407969	738.028571429	152.009677458	0.055481604195	1	0
19	02	25	15	48	51	16.2	25.0	39.974373	666.828571429	150.126705669	0.0414084483838	1	0
19	02	25	15	49	12	25.0	25.0	39.99345006	651.328571429	136.649261294	0.0390236913605	1	0
19	02	25	15	49	33	18.6	25.0	39.9999974	663.871428571	155.493217255	0.0361875780488	1	0
19	02	25	15	49	54	19.0	25.0	39.98373661	639.885714286	125.339258798	0.0364854351481	1	0
19	02	25	15	50	15	17.0	25.0	39.98373661	730.8	173.791221215	0.0543059880385	1	0
19	02	25	15	50	36	14.2	25.0	39.98373661	749.928571429	199.164348605	0.0539979271754	1	0
19	02	25	15	50	56	26.7	25.0	39.98373661	641.071428571	129.809456119	0.0320764504044	1	0
19	02	25	15	51	17	27.7	25.0	39.98373661	696.671428571	188.039260447	0.0444984436778	1	0
19	02	25	15	51	38	72.4	25.0	39.98373661	603.357142857	145.648700226	0.0202133865902	1	0
19	02	25	15	51	59	23.7	25.0	39.99624285	616.057142857	90.5093342802	0.0275997759418	1	0
19	02	25	15	52	20	17.6	25.0	39.99997205	672.1	224.836902792	0.0346716611623	1	0
19	02	25	15	52	41	13.3	25.0	39.99999973	583.757142857	95.6238816128	0.0150969632924	1	0
19	02	25	15	53	02	19.2	25.0	39.99999981	562.2	56.9617917054	0.00930539126304	1	0
19	02	25	15	53	23	14.6	25.0	39.99997205	790.271428571	281.537407889	0.0637790300286	1	0
19	02	25	15	53	44	12.5	25.0	39.99997205	684.685714286	186.262682625	0.0447463297889	1	0
19	02	25	15	54	05	12.8	25.0	39.99997205	660.542857143	148.228172155	0.0392126699605	1	0
19	02	25	15	54	26	19.4	25.0	39.99997205	686.328571429	209.437731723	0.0422464669005	1	0
19	02	25	15	54	47	25.6	25.0	39.99997205	579.885714286	63.2594527904	0.0196822287153	1	0
19	02	25	15	55	08	21.3	25.0	39.99997205	771.042857143	192.51904809	0.0649377296737	1	0
19	02	25	15	55	29	19.0	25.0	39.9999959	673.214285714	140.049266113	0.0445127684153	1	0
19	02	25	15	55	49	17.3	25.0	39.974373	626.928571429	146.173900487	0.027387154168	1	0
19	02	25	15	56	10	26.0	25.0	39.97683646	799.214285714	242.98441413	0.0658793747439	1	0
19	02	25	15	56	31	20.7	25.0	39.97683646	656.414285714	167.84903871	0.0364633139285	1	0
19	02	25	15	56	52	24.9	25.0	39.97683646	693.014285714	195.476742706	0.0421164123709	1	0
19	02	25	15	57	13	20.5	25.0	39.99989064	732.842857143	138.576295202	0.0611666956526	1	0
19	02	25	15	57	34	14.4	25.0	39.99999895	668.071428571	154.984637158	0.0375382860848	1	0
19	02	25	15	57	55	20.4	25.0	39.99345006	723.242857143	185.445058149	0.0485981376487	1	0
19	02	25	15	58	16	22.6	25.0	39.99961326	614.328571429	137.19326529	0.0242619481358	1	0
19	02	25	15	58	37	25.8	25.0	39.99961326	748.342857143	160.131899714	0.0626795019244	1	0
19	02	25	15	58	58	20.4	25.0	39.99961326	562.2	56.9617917054	0.00930539126304	1	0
19	02	25	15	59	19	20.9	25.0	39.99961326	739.742857143	244.96586851	0.0488373301349	1	0
19	02	25	15	59	40	21.8	25.0	39.99961326	607.642857143	103.849483899	0.0259096522978	1	0
19	02	25	16	00	01	18.4	25.0	39.99961326	744.514285714	230.759970709	0.0534113176806	1	0
19	02	25	16	00	22	20.7	25.0	39.99961326	591.9	108.486490272	0.0169183793764	1	0
19	02	25	16	00	43	15.4	25.0	39.99961326	684.685714286	186.262682625	0.0447463297889	1	0
19	02	25	16	01	03	32.6	25.0	39.99961326	707.057142857	181.013250163	0.0508915100081	1	1
19	02	25	16	01	24	26.5	25.0	39.99961326	723.285714286	242.72301338	0.0485599647257	1	1
19	02	25	16	01	45	23.1	25.0	39.99961326	627.657142857	180.140095141	0.0248183212103	1	1
19	02	25	16	02	06	20.0	25.0	39.99961326	720.842857143	185.707345475	0.0555221814308	1	1
19	02	25	16	02	27	26.3	25.0	39.99961326	654.257142857	179.889147272	0.0349936091916	1	1
19	02	25	16	02	49	25.8	25.0	39.99961326	688.185714286	167.819911372	0.0459843902782	1	1
19	02	25	16	03	10	24.1	25.0	39.99961326	623.514285714	143.545586871	0.0288632780405	1	1
19	02	25	16	03	31	18.1	25.0	39.99999835	693.357142857	166.757140409	0.0479731063002	1	1
19	02	25	16	03	52	16.2	25.0	39.98967894	753.014285714	188.040762515	0.0584933198748	1	0
19	02	25	16	04	13	19.4	25.0	39.99990115	641.071428571	129.809456119	0.0320764504044	1	0
19	02	25	16	04	34	13.7	25.0	39.99999926	662.985714286	158.864946494	0.0354484497055	1	0
19	02	25	16	04	55	13.9	25.0	39.99407969	612.157142857	140.564640516	0.0229382114612	1	0
19	02	25	16	05	16	13.4	25.0	39.99995596	806.285714286	189.367303171	0.0753354851247	1	0
19	02	25	16	05	37	13.4	25.0	39.99999958	642.771428571	156.254569892	0.0347542965072	1	0
19	02	25	16	05	57	15.5	25.0	39.99999973	602.428571429	111.427435892	0.0215771155713	1	0
19	02	25	16	06	18	16.9	25.0	39.99999973	588.357142857	100.501319922	0.019186622494	1	0
19	02	25	16	06	39	26.6	25.0	39.99999973	790.271428571	281.537407889	0.0637790300286	1	1
19	02	25	16	07	05	38.0	25.0	39.99999973	607.642857143	103.849483899	0.0259096522978	1	1
19	02	25	16	07	26	37.2	25.0	39.99999973	586.471428571	87.5899083275	0.0207890176533	1	1
19	02	25	16	07	47	35.7	25.0	39.99999973	760.185714286	208.585185945	0.0588643581658	1	1
19	02	25	16	08	08	27.4	25.0	39.99999973	785.028571429	281.541875669	0.0571653552032	1	1
19	02	25	16	08	46	35.0	25.0	39.99999973	637.9	140.219740815	0.0335603958262	1	1
19	02	25	16	09	07	20.5	25.0	39.99999973	619.157142857	144.508490676	0.0312713881902	1	1
19	02	25	16	09	28	21.6	25.0	39.99999973	605.128571429	105.902100536	0.0233187485925	1	0
19	02	25	16	09	59	21.7	25.0	39.99999973	706.328571429	252.290463068	0.0424295347424	1	1
19	02	25	16	10	20	27.7	25.0	39.99999973	665.014285714	150.107722544	0.0386750106474	1	1
19	02	25	16	10	41	20.1	25.0	39.99999988	722.057142857	206.000546859	0.0496894095493	1	1
19	02	25	16	12	01	18.4	25.0	39.99903972	607.914285714	100.411687262	0.0281174286863	1	0
19	02	25	16	12	22	18.1	25.0	39.99999286	784.614285714	246.283071332	0.0597893467384	1	0
19	02	25	16	12	43	38.9	25.0	39.99999993	607.2	93.5238090389	0.0286270840948	1	1
19	02	25	16	13	04	61.9	25.0	39.99957212	574.128571429	65.7051686222	0.01822739486	1	1
19	02	25	16	13	25	51.3	25.0	39.9999959	585.842857143	99.764384672	0.0171382959759	1	1
19	02	25	16	13	46	45.5	25.0	39.974373	654.814285714	171.006874787	0.0372314952468	1	1
19	02	25	16	14	07	57.8	25.0	39.99975456	573.228571429	57.9492811316	0.0220276422601	1	1
19	02	25	16	14	28	38.2	25.0	39.99999817	770.985714286	185.617694112	0.0629276359658	1	1
19	02	25	16	14	48	48.8	25.0	39.98529997	612.971428571	122.66621044	0.0263128399849	1	1
19	02	25	16	15	09	34.3	25.0	39.99989064	641.285714286	145.956856919	0.0337072614293	1	1
19	02	25	16	15	30	23.3	25.0	39.99999895	580.0	74.6993975879	0.0171263499038	1	1
19	02	25	16	15	52	21.5	25.0	39.99407969	759.571428571	278.175359463	0.0528265456038	1	1
19	02	25	16	16	13	31.5	25.0	39.99995596	669.014285714	208.019195052	0.0379108711617	1	1
19	02	25	16	16	34	33.2	25.0	39.99999958	710.585714286	171.474320681	0.0507820407309	1	1
19	02	25	16	16	56	24.2	25.0	39.99761564	626.928571429	146.173900487	0.027387154168	1	1
19	02	25	16	17	17	25.0	25.0	39.99998226	799.214285714	242.98441413	0.0658793747439	1	1
19	02	25	16	17	38	30.0	25.0	39.99999983	656.414285714	167.84903871	0.0364633139285	1	1
19	02	25	16	17	59	40.0	25.0	39.99893759	743.071428571	188.733472043	0.0573162539704	1	1
19	02	25	16	18	20	26.7	25.0	39.99998983	678.814285714	170.556759958	0.0403682268172	1	1
19	02	25	16	18	41	40.7	25.0	39.99999992	676.985714286	133.219635281	0.0487493519039	1	1
19	02	25	16	19	02	14.8	25.0	39.99939059	641.4	133.229812194	0.0345995295917	1	1
19	02	25	16	19	23	10.8	25.0	39.99999547	667.4	146.703529999	0.0420777087003	1	1
19	02	25	16	19	43	15.4	25.0	39.9635001	725.314285714	329.488978478	0.0409214685078	1	1
19	02	25	16	20	04	12.8	25.0	39.99972846	626.728571429	129.393080123	0.0274302001061	1	1
19	02	25	16	20	25	11.3	25.0	39.9999974	664.614285714	156.600336878	0.0388452952795	1	1
19	02	25	16	20	46	10.4	25.0	39.98373661	720.671428571	162.766943066	0.0534258590781	1	1
19	02	25	16	21	07	16.7	25.0	39.99984424	644.928571429	151.17570869	0.0336058509567	1	1
19	02	25	16	21	28	14.2	25.0	39.99999884	739.157142857	198.754883909	0.0581089269695	1	1
19	02	25	16	21	49	10.0	25.0	39.99067108	586.471428571	87.5899083275	0.0207890176533	1	1
19	02	25	16	22	10	10.4	25.0	39.99997474	722.3	220.625432416	0.0542379559659	1	1
19	02	25	16	22	36	16.8	25.0	39.99999981	778.585714286	237.826076478	0.0605136246182	1	1
19	02	25	16	22	57	13.2	25.0	39.99848684	593.071428571	83.3925864174	0.0166206146676	1	1
19	02	25	16	23	18	12.7	25.0	39.99998874	764.628571429	225.893095539	0.0572184000032	1	1
19	02	25	16	23	39	10.0	25.0	39.99999989	649.514285714	149.633241423	0.0365553878704	1	1
19	02	25	16	24	00	13.8	25.0	39.99932578	635.671428571	153.830028782	0.0317445130733	1	1
19	02	25	16	24	21	9.4	25.0	39.99999354	720.571428571	167.238544039	0.0543544988732	1	1
19	02	25	16	24	42	13.6	25.0	39.9635001	671.528571429	177.434633552	0.0379826329539	1	1
19	02	25	16	25	03	11.7	25.0	39.99972846	669.171428571	129.913704482	0.0435186257389	1	1
19	02	25	16	25	24	15.7	25.0	39.9999974	641.4	133.229812194	0.0345995295917	1	1
19	02	25	16	25	45	8.2	25.0	39.98373661	667.4	146.703529999	0.0420777087003	1	1
19	02	25	16	26	06	14.1	25.0	39.99984424	661.857142857	185.118131065	0.0357637741511	1	1
19	02	25	16	26	27	11.0	25.0	39.99999884	668.4	171.498304865	0.0381199636628	1	1
19	02	25	16	26	48	14.1	25.0	39.99067108	609.057142857	100.860566514	0.0292100495205	1	1
19	02	25	16	27	09	15.0	25.0	39.9999306	692.4	226.681110184	0.0432088418388	1	1
19	02	25	16	27	30	15.6	25.0	39.99999934	680.657142857	140.029781089	0.0433626663182	1	1
19	02	25	16	27	51	11.1	25.0	39.99584328	640.414285714	179.956938727	0.030935585287	1	1
19	02	25	16	28	12	16.3	25.0	39.99996019	570.314285714	56.8877448156	0.0159103507416	1	1
19	02	25	16	28	33	13.5	25.0	39.9999997	681.514285714	162.0944824	0.0415553243444	1	1
19	02	25	16	28	54	11.2	25.0	39.99761564	586.642857143	69.7548842559	0.021313051719	1	1
19	02	25	16	29	15	9.8	25.0	39.99998226	680.257142857	176.716050343	0.0403695157344	1	1
19	02	25	16	29	36	13.4	25.0	39.99999983	773.814285714	219.609347502	0.0639420458149	1	1
19	02	25	16	29	56	12.3	25.0	39.99893759	703.014285714	195.274933865	0.0453909981926	1	1
19	02	25	16	30	17	12.1	25.0	39.99998983	674.342857143	169.192610926	0.0386125007435	1	1
19	02	25	16	30	38	13.6	25.0	39.99999992	769.314285714	197.944764507	0.0589717003996	1	1
19	02	25	16	30	59	8.4	25.0	39.99939059	696.828571429	189.839930425	0.0416542504445	1	1
19	02	25	16	31	20	13.3	25.0	39.99999547	649.9	137.47032407	0.0370131967878	1	1
19	02	25	16	31	41	10.4	25.0	39.9635001	843.2	282.304931388	0.0721163713974	1	1
19	02	25	16	32	02	13.5	25.0	39.99972846	621.4	129.597332424	0.0268180425882	1	1
19	02	25	16	32	23	9.6	25.0	39.99999926	739.671428571	169.028460953	0.0602577746067	1	1
19	02	25	16	32	49	13.8	25.0	39.99407969	664.328571429	165.064551999	0.0390721545979	1	1
19	02	25	16	33	10	9.3	25.0	39.99995596	755.271428571	165.125832662	0.0648247950245	1	1
19	02	25	16	33	31	13.9	25.0	39.99999958	637.757142857	153.49941235	0.0306244398071	1	1
19	02	25	16	33	52	8.6	25.0	39.99736206	669.642857143	159.044381561	0.0449184006039	1	1
19	02	25	16	34	13	14.6	25.0	39.99997474	658.128571429	170.562424385	0.0373515217808	1	1
19	02	25	16	34	34	8.5	25.0	39.99999981	813.185714286	234.543404016	0.0705333643129	1	1
19	02	25	16	34	54	14.5	25.0	39.99848684	622.642857143	102.012889342	0.0346272794729	1	1
19	02	25	16	35	15	9.4	25.0	39.99998874	651.0	184.998687254	0.0340122179262	1	1
19	02	25	16	35	36	14.2	25.0	39.99999989	667.014285714	216.484937969	0.0302462563845	1	1
19	02	25	16	35	57	10.1	25.0	39.99932578	647.171428571	144.542427921	0.0377461739165	1	1
19	02	25	16	36	18	14.5	25.0	39.99999354	674.9	167.318955463	0.0388546058656	1	1
19	02	25	16	36	39	9.8	25.0	39.95961831	684.328571429	167.116359927	0.046610616864	1	1
19	02	25	16	37	00	10.7	25.0	39.99961326	716.242857143	153.417119152	0.0584321887278	1	1
19	02	25	16	37	21	13.6	25.0	39.99999712	691.528571429	256.927711981	0.039069866178	1	1
19	02	25	16	37	43	10.0	25.0	39.98373661	639.271428571	205.463164681	0.0242725446229	1	1
19	02	25	16	38	04	12.2	25.0	39.99984424	723.814285714	172.48530313	0.0544957056737	1	1
19	02	25	16	38	25	8.7	25.0	39.99999884	766.357142857	211.173052645	0.059911460163	1	1
19	02	25	16	38	46	15.0	25.0	39.99067108	649.742857143	145.850773612	0.0362584583145	1	1
19	02	25	16	39	07	9.2	25.0	39.9999306	669.542857143	170.332673295	0.0417080873778	1	1
19	02	25	16	39	28	11.9	25.0	39.99999934	585.314285714	82.6860746364	0.0185566052926	1	1
19	02	25	16	39	49	10.3	25.0	39.99624285	612.485714286	119.532511161	0.0277567678463	1	1
19	02	25	16	40	11	13.5	25.0	39.99997474	743.771428571	233.711187545	0.0553122564653	1	1
19	02	25	16	40	32	8.8	25.0	39.99999981	572.971428571	69.1526203261	0.016632247585	1	1
19	02	25	16	40	53	13.7	25.0	39.99848684	679.171428571	139.650683741	0.0486737922832	1	1
19	02	25	16	41	14	10.7	25.0	39.99998874	652.414285714	178.277351567	0.0308215526575	1	1
19	02	25	16	41	35	11.3	25.0	39.99999989	685.257142857	150.77340479	0.0469425457342	1	1
19	02	25	16	41	57	8.7	25.0	39.99939059	720.657142857	185.27985672	0.0532346071819	1	1
19	02	25	16	42	18	12.7	25.0	39.99999547	647.014285714	168.734998729	0.0359092521731	1	1
19	02	25	16	42	39	10.0	25.0	39.9635001	739.6	187.593283462	0.0563563581836	1	1
19	02	25	16	43	00	13.5	25.0	39.99972846	753.142857143	266.756030095	0.0546601644325	1	1
19	02	25	16	43	21	10.2	25.0	39.9999974	848.0	285.858856281	0.0701282874866	1	1
19	02	25	16	43	42	14.3	25.0	39.98373661	619.571428571	145.522759283	0.0255966983727	1	1
19	02	25	16	44	03	9.5	25.0	39.99984424	784.614285714	246.283071332	0.0597893467384	1	1
19	02	25	16	44	24	14.4	25.0	39.99999884	595.914285714	90.8851304602	0.0236352110003	1	1
19	02	25	16	44	44	10.4	25.0	39.99067108	660.014285714	176.661621093	0.0366532553387	1	1
19	02	25	16	45	05	14.2	25.0	39.9999306	648.128571429	138.222379977	0.0384017615615	1	1
19	02	25	16	45	26	12.4	25.0	39.99999993	710.071428571	197.329407079	0.0478430773255	1	0
19	02	25	16	45	57	10.1	25.0	39.99957212	719.342857143	173.690273246	0.0562415825785	1	1
19	02	25	16	46	18	14.8	25.0	39.9999959	696.714285714	164.856313442	0.043796894793	1	1
19	02	25	16	46	39	9.8	25.0	39.974373	665.071428571	203.424420604	0.0358833129108	1	1
19	02	25	16	47	00	13.5	25.0	39.99975456	598.3	72.8425601653	0.0262756174878	1	1
19	02	25	16	47	21	9.4	25.0	39.99999817	622.8	139.333372067	0.0263226723298	1	1
19	02	25	16	47	42	14.0	25.0	39.98529997	702.114285714	156.199921608	0.0534439698685	1	1
19	02	25	16	48	03	10.7	25.0	39.99989064	781.142857143	460.558272588	0.0416661877272	1	1
19	02	25	16	48	24	13.6	25.0	39.99999895	825.414285714	223.183748311	0.0738445011274	1	1
19	02	25	16	48	44	10.1	25.0	39.99345006	640.485714286	141.140025998	0.0313227222314	1	1
19	02	25	16	49	06	17.3	25.0	39.99995596	614.4	112.195034268	0.0275994858402	1	1
19	02	25	16	49	27	10.4	25.0	39.99999958	661.042857143	151.225039094	0.0414982980609	1	1
19	02	25	16	49	48	9.0	25.0	39.99736206	591.214285714	86.5492251112	0.0206199886156	1	1
19	02	25	16	50	09	9.8	25.0	39.99997474	708.128571429	213.639945531	0.0465264617887	1	1
19	02	25	16	50	30	14.4	25.0	39.99999981	642.528571429	150.824564258	0.0347971055929	1	1
19	02	25	16	50	51	14.3	25.0	39.99848684	705.742857143	212.844053289	0.0481833486133	1	1
19	02	25	16	51	13	10.7	25.0	39.99998983	693.214285714	186.916932876	0.0446086524553	1	1
19	02	25	16	51	34	14.8	25.0	39.99999992	763.285714286	218.346326663	0.0592424294185	1	1
19	02	25	16	51	55	9.6	25.0	39.99939059	620.257142857	134.083309467	0.0281131497085	1	1
19	02	25	16	52	16	11.7	25.0	39.99999547	715.928571429	148.170203427	0.0576106829374	1	1
19	02	25	16	52	37	10.7	25.0	39.9635001	724.057142857	190.939548078	0.0537165247683	1	1
19	02	25	16	52	58	13.3	25.0	39.99972846	620.542857143	114.613846797	0.0280387013772	1	1
19	02	25	16	53	19	10.4	25.0	39.9999974	644.257142857	149.073777105	0.0329174149997	1	1
19	02	25	16	53	39	14.4	25.0	39.98373661	565.285714286	53.2187246471	0.0116491425004	1	1
19	02	25	16	54	00	9.1	25.0	39.99984424	779.614285714	449.56382966	0.044851956019	1	1
19	02	25	16	54	21	13.6	25.0	39.99999884	602.185714286	115.533457474	0.0227060094274	1	1
19	02	25	16	54	43	9.9	25.0	39.99345006	668.585714286	153.536267736	0.0404271803429	1	1
19	02	25	16	55	04	14.8	25.0	39.99993727	660.214285714	141.021568042	0.0386319201726	1	1
19	02	25	16	55	25	10.6	25.0	39.99999953	743.871428571	223.833734303	0.0546026764881	1	1
19	02	25	16	55	47	13.8	25.0	39.99736206	733.271428571	182.101770716	0.0522994985379	1	1
19	02	25	16	56	08	10.6	25.0	39.99997474	753.014285714	188.040762515	0.0584933198748	1	1
19	02	25	16	56	29	12.1	25.0	39.99999981	642.771428571	156.254569892	0.0347542965072	1	1
19	02	25	16	56	50	11.6	25.0	39.99848684	602.428571429	111.427435892	0.0215771155713	1	1
19	02	25	16	57	11	14.2	25.0	39.99998874	574.785714286	62.8685460436	0.0181085666766	1	1
19	02	25	16	57	32	10.6	25.0	39.99999989	655.642857143	162.816025511	0.0327939645733	1	1
19	02	25	16	57	53	13.1	25.0	39.99932578	570.742857143	68.6499788189	0.0150485009031	1	1
19	02	25	16	58	14	10.3	25.0	39.99999354	665.514285714	188.234105218	0.036511006057	1	1
19	02	25	16	58	34	13.0	25.0	39.95961831	659.628571429	183.874349289	0.0377808905962	1	1
19	02	25	16	58	55	12.3	25.0	39.99961326	563.457142857	56.9946578234	0.0136685348264	1	1
19	02	25	16	59	16	13.0	25.0	39.99999712	677.057142857	153.913323076	0.0441256340513	1	1
19	02	25	16	59	37	11.8	25.0	39.97683646	639.985714286	183.806069607	0.0259639874281	1	1
19	02	25	16	59	58	46.2	25.0	39.99982768	697.485714286	182.230054198	0.0488124763888	1	1
19	02	25	17	00	19	46.2	25.0	39.99999835	623.514285714	143.545586871	0.0288632780405	1	1
19	02	25	17	00	40	30.1	25.0	39.99999988	693.357142857	166.757140409	0.0479731063002	1	1
19	02	25	17	01	01	24.5	25.0	39.99999988	692.5	177.964583154	0.0449703296595	1	1
19	02	25	17	01	22	25.3	25.0	39.99999926	796.885714286	179.326242431	0.0727545056198	1	0
19	02	25	17	01	43	20.1	25.0	39.98529997	765.857142857	315.365922868	0.0506639170429	1	0
19	02	25	17	02	04	15.8	25.0	39.98529997	600.128571429	128.933085794	0.0204320675998	1	0
19	02	25	17	02	25	15.8	25.0	39.98529997	623.671428571	109.01516558	0.0315191102406	1	0
19	02	25	17	02	46	16.8	25.0	39.98529997	689.5	175.605381467	0.0464037545218	1	0
19	02	25	17	03	07	18.0	25.0	39.98529997	635.528571429	110.504003991	0.0374391391678	1	0
19	02	25	17	03	28	18.0	25.0	39.99999981	771.8	248.593161611	0.0591520707195	1	0
19	02	25	17	03	48	16.6	25.0	39.9635001	638.271428571	163.940487584	0.0309550791451	1	0
19	02	25	17	04	09	24.7	25.0	39.9635001	665.528571429	151.139833213	0.0420225363773	1	0
19	02	25	17	04	30	22.1	25.0	39.9635001	721.557142857	180.477433153	0.0587936670013	1	0
19	02	25	17	04	51	30.8	25.0	39.9635001	684.885714286	150.734349375	0.0473105302612	1	0
19	02	25	17	05	12	14.2	25.0	39.9635001	627.328571429	122.658494718	0.0324065526505	1	0
19	02	25	17	05	33	16.1	25.0	39.9635001	628.971428571	104.033232524	0.0327817249658	1	0
19	02	25	17	05	54	33.5	25.0	39.9635001	660.0	204.585643959	0.0330679059292	1	1
19	02	25	17	06	16	26.9	25.0	39.9635001	735.728571429	186.764322184	0.0567277962414	1	1
19	02	25	17	06	37	56.4	25.0	39.9635001	650.585714286	137.168352541	0.0399571448623	1	1
19	02	25	17	06	58	49.0	25.0	39.9635001	600.614285714	129.489248628	0.0182022033218	1	1
19	02	25	17	07	19	23.9	25.0	39.99999884	621.885714286	106.471665293	0.0304235941581	1	0
19	02	25	17	07	40	17.6	25.0	39.99999981	775.771428571	264.517035445	0.0609609958342	1	0
19	02	25	17	08	01	21.7	25.0	39.99999981	687.357142857	171.480030967	0.0450038385061	1	0
19	02	25	17	08	22	32.0	25.0	39.99999981	600.0	122.145697544	0.0211994115763	1	0
19	02	25	17	08	42	18.6	25.0	39.99999981	696.485714286	141.056598859	0.0518614379824	1	0
19	02	25	17	09	03	29.2	25.0	39.99999981	690.914285714	184.499844588	0.0411632068238	1	0
19	02	25	17	09	24	27.8	25.0	39.99999981	651.4	149.360579997	0.0346025891279	1	0
19	02	25	17	09	45	22.4	25.0	39.99999981	737.142857143	191.444530252	0.0525799316283	1	0
19	02	25	17	10	06	22.7	25.0	39.99999981	653.7	143.815094578	0.0331512111967	1	0
19	02	25	17	10	27	28.9	25.0	39.99999981	649.971428571	144.57859666	0.0334224782114	1	1
19	02	25	17	10	48	25.1	25.0	39.99893759	642.914285714	176.137749897	0.0303290060486	1	1
19	02	25	17	11	09	37.0	25.0	39.99903972	687.314285714	238.443676659	0.0388189087842	1	1
19	02	25	17	11	30	25.8	25.0	39.99903972	587.242857143	116.135319559	0.0153145653244	1	1
19	02	25	17	11	51	26.4	25.0	39.99932578	617.057142857	122.287236306	0.0242106893474	1	1
19	02	25	17	12	12	18.7	25.0	39.99932578	654.928571429	142.674787184	0.0348798556889	1	1
19	02	25	17	12	33	29.4	25.0	39.99932578	782.185714286	240.528067436	0.0625959257668	1	1
19	02	25	17	12	54	31.1	25.0	39.99932578	825.4	299.683852466	0.062847344724	1	1
19	02	25	17	13	15	28.0	25.0	39.99932578	574.442857143	86.8553207046	0.0158572044097	1	1
19	02	25	17	13	35	19.9	25.0	39.99999988	730.571428571	218.270904509	0.0472813121431	1	0
19	02	25	17	13	56	13.6	25.0	39.99999988	706.571428571	158.64304689	0.056160866735	1	0
19	02	25	17	14	17	10.9	25.0	39.99999988	624.371428571	159.650168577	0.0259420985098	1	0
19	02	25	17	14	38	13.4	25.0	39.99999988	772.142857143	230.161637967	0.0631490499156	1	0
19	02	25	17	14	59	27.4	25.0	39.99999988	625.271428571	137.062751158	0.0304379392988	1	0
19	02	25	17	15	20	17.8	25.0	39.99999988	708.114285714	217.234471275	0.0444983219179	1	0
19	02	25	17	15	41	14.3	25.0	39.99999988	670.957142857	163.572826569	0.0410351767457	1	0
19	02	25	17	16	02	19.0	25.0	39.99999988	680.9	139.481196889	0.0494169481071	1	0
19	02	25	17	16	23	17.4	25.0	39.99999988	723.485714286	216.765228027	0.0498007185703	1	0
19	02	25	17	16	44	24.2	25.0	39.99999988	664.914285714	133.4747427	0.0456259577297	1	0
19	02	25	17	17	05	15.8	25.0	39.99999988	775.671428571	220.339071266	0.0619812456593	1	0
19	02	25	17	17	26	15.9	25.0	39.99999988	634.471428571	191.699893541	0.0252918998898	1	0
19	02	25	17	17	46	28.0	25.0	39.99999988	704.314285714	194.466856732	0.0481226821096	1	1
19	02	25	17	18	07	29.7	25.0	39.99999988	665.628571429	172.287979137	0.0384648701859	1	1
19	02	25	17	18	29	36.3	25.0	39.99999988	581.114285714	64.2738655747	0.0191473860517	1	1
19	02	25	17	18	50	34.2	25.0	39.99999988	640.9	144.688152343	0.0341926935763	1	1
19	02	25	17	19	16	60.1	25.0	39.99999988	643.271428571	134.063302897	0.0344007277541	1	1
19	02	25	17	19	38	26.5	25.0	39.99999988	742.828571429	193.482001483	0.0564177608745	1	1
19	02	25	17	19	59	26.3	25.0	39.99999988	659.757142857	172.464773688	0.0362205409509	1	1
19	02	25	17	20	20	29.6	25.0	39.99999988	609.071428571	139.76912815	0.0228179770363	1	1
19	02	25	17	20	41	30.9	25.0	39.99999988	674.671428571	305.064476624	0.0293157726794	1	1
19	02	25	17	21	02	28.6	25.0	39.99999988	638.257142857	122.546047988	0.0371556199135	1	1
19	02	25	17	21	23	22.8	25.0	39.99999988	653.157142857	237.746722117	0.0331154195625	1	1
19	02	25	17	21	44	19.2	25.0	39.99999988	712.5	180.380926296	0.0526086429966	1	1
19	02	25	17	22	05	37.2	25.0	39.99999988	670.7	157.227528487	0.0389403014717	1	1
19	02	25	17	22	26	66.8	25.0	39.99999988	690.157142857	222.256006553	0.0417765241169	1	1
19	02	25	17	22	51	69.8	25.0	39.99999988	592.457142857	78.0559663162	0.0231882785675	1	1
19	02	25	17	23	17	78.7	25.0	39.99999988	620.8	128.630767259	0.0274435353496	1	0
19	02	25	17	23	58	72.8	25.0	39.99999988	711.542857143	141.952777431	0.0569103170619	1	1
19	02	25	17	24	24	50.0	25.0	39.99999988	672.185714286	193.355652535	0.0365104986697	1	1
19	02	25	17	25	00	42.0	25.0	39.99999988	640.485714286	141.140025998	0.0313227222314	1	1
19	02	25	17	25	21	51.5	25.0	39.99999988	615.542857143	120.094687133	0.0240374396369	1	1
19	02	25	17	25	42	47.9	25.0	39.99999988	664.642857143	146.547996595	0.0413786421944	1	1
19	02	25	17	26	03	51.1	25.0	39.99999988	667.9	161.626566946	0.0398300188775	1	1
19	02	25	17	26	24	53.3	25.0	39.99999988	612.471428571	103.320267881	0.0293928310086	1	1
19	02	25	17	26	45	53.2	25.0	39.99999988	731.757142857	195.49756562	0.0550682634494	1	1
19	02	25	17	27	06	48.6	25.0	39.99999988	683.885714286	173.930490456	0.0449743227629	1	1
19	02	25	17	27	27	49.8	25.0	39.99999988	689.157142857	165.833792499	0.0460796036474	1	1
19	02	25	17	27	47	59.2	25.0	39.99999988	659.085714286	234.639099339	0.0297608957866	1	1
19	02	25	17	28	13	50.2	25.0	39.99999988	732.857142857	199.002102337	0.0521940011591	1	1
19	02	25	17	28	34	41.6	25.0	39.99999988	716.3	186.139759321	0.047710670651	1	1
19	02	25	17	28	55	36.4	25.0	39.99999988	571.171428571	63.2383182727	0.0162959884062	1	1
19	02	25	17	29	21	50.0	25.0	39.99999988	719.042857143	207.703114752	0.0478092156238	1	1
19	02	25	17	29	42	45.5	25.0	39.99999988	636.114285714	129.52258963	0.0344157481196	1	1
19	02	25	17	30	03	49.3	25.0	39.99999988	622.4	133.237103369	0.0283026433893	1	1
19	02	25	17	30	24	45.0	25.0	39.99999988	688.185714286	167.819911372	0.0459843902782	1	1
19	02	25	17	30	45	44.4	25.0	39.99999988	622.3	130.320522449	0.0289457830668	1	1
19	02	25	17	31	06	42.4	25.0	39.99999988	715.757142857	174.682604884	0.0497113926795	1	1
19	02	25	17	31	27	45.6	25.0	39.99999988	632.457142857	155.372610724	0.0312223639284	1	1
19	02	25	17	31	48	41.2	25.0	39.99999988	675.871428571	172.617324195	0.0426379035513	1	1
19	02	25	17	32	09	45.4	25.0	39.99999988	675.957142857	168.024099948	0.0436829461727	1	1
19	02	25	17	32	29	41.5	25.0	39.99999988	605.157142857	90.6274376168	0.0255432010789	1	1
19	02	25	17	32	55	44.5	25.0	39.99999988	762.342857143	220.984348878	0.0608786384725	1	1
19	02	25	17	33	16	39.1	25.0	39.99999988	637.757142857	153.49941235	0.0306244398071	1	1
19	02	25	17	33	37	45.2	25.0	39.99999988	669.642857143	159.044381561	0.0449184006039	1	1
19	02	25	17	33	58	49.7	25.0	39.99999988	658.128571429	170.562424385	0.0373515217808	1	1
19	02	25	17	34	19	47.9	25.0	39.99999988	725.342857143	203.156792771	0.0544245374329	1	1
19	02	25	17	34	41	48.7	25.0	39.99999988	622.642857143	102.012889342	0.0346272794729	1	1
19	02	25	17	35	02	40.0	25.0	39.99999988	718.485714286	220.804745217	0.0490529468672	1	1
19	02	25	17	35	23	44.1	25.0	39.99999988	584.985714286	73.6296704281	0.0177396597044	1	1
19	02	25	17	35	54	45.6	25.0	39.99999988	644.257142857	149.073777105	0.0329174149997	1	1
19	02	25	17	36	15	46.4	25.0	39.99999988	565.285714286	53.2187246471	0.0116491425004	1	1
19	02	25	17	36	36	42.6	25.0	39.99999988	776.071428571	189.730057972	0.0632681888282	1	1
19	02	25	17	36	57	42.6	25.0	39.99999988	757.242857143	246.978393255	0.052111557522	1	1
19	02	25	17	37	18	44.3	25.0	39.99999988	737.028571429	184.606064862	0.0551163197685	1	1
19	02	25	17	37	38	44.0	25.0	39.99999988	710.714285714	183.080087304	0.0491089097744	1	1
19	02	25	17	37	59	42.0	25.0	39.99999988	623.285714286	138.259708298	0.0237542058168	1	1
19	02	25	17	38	20	50.6	25.0	39.99999988	626.457142857	116.480247953	0.0342058204723	1	1
19	02	25	17	38	41	44.4	25.0	39.99999988	755.728571429	200.440794353	0.0573417357158	1	1
19	02	25	17	39	02	44.4	25.0	39.99999988	634.742857143	127.778009031	0.0329268255016	1	1
19	02	25	17	39	23	46.3	25.0	39.99999988	719.4	329.222651538	0.0406635636084	1	1
19	02	25	17	39	44	44.3	25.0	39.99999988	644.342857143	157.196772569	0.03391666127	1	1
19	02	25	17	40	05	50.2	25.0	39.99999988	725.128571429	220.322291293	0.0469610038822	1	1
19	02	25	17	40	31	53.7	25.0	39.99999988	724.471428571	181.149718775	0.055045114907	1	1
19	02	25	17	40	52	60.0	25.0	39.99999988	635.028571429	147.587162762	0.0282478758508	1	1
19	02	25	17	41	13	48.8	25.0	39.99999988	745.557142857	184.683949006	0.0566512637421	1	1
19	02	25	17	41	34	40.3	25.0	39.99999988	620.442857143	137.583287577	0.0275007133827	1	1
19	02	25	17	41	55	34.6	25.0	39.99999988	618.628571429	140.492010086	0.0274116681967	1	1
19	02	25	17	42	16	36.3	25.0	39.99999988	682.257142857	183.544676205	0.0433036790757	1	1
19	02	25	17	42	36	36.9	25.0	39.99624285	623.671428571	113.314445105	0.0329395652149	1	0
19	02	25	17	42	57	28.3	25.0	39.99961326	621.885714286	152.500167949	0.0254394090965	1	0
19	02	25	17	43	18	31.6	25.0	39.99961326	679.857142857	152.89326676	0.0459631674973	1	0
19	02	25	17	43	39	30.5	25.0	39.99961326	685.214285714	204.831421477	0.0413289058149	1	0
19	02	25	17	44	00	20.0	25.0	39.99998397	693.671428571	190.689929424	0.0449004366962	1	0
19	02	25	17	44	21	33.5	25.0	39.99999712	614.157142857	97.8178534266	0.0310075300091	1	0
19	02	25	17	44	42	22.9	25.0	39.99999712	658.4	158.423970048	0.0380114705854	1	0
19	02	25	17	45	03	21.3	25.0	39.99999712	646.585714286	168.804747128	0.0359489459433	1	0
19	02	25	17	45	24	27.8	25.0	39.99999712	612.157142857	140.564640516	0.0229382114612	1	0
19	02	25	17	45	45	26.1	25.0	39.99999712	748.342857143	160.131899714	0.0626795019244	1	0
19	02	25	17	46	06	21.7	25.0	39.99999712	572.342857143	77.6055752258	0.0182112539066	1	0
19	02	25	17	46	27	19.5	25.0	39.974373	838.185714286	278.870082033	0.0698479829987	1	0
19	02	25	17	46	48	17.0	25.0	39.99975456	617.614285714	117.529727894	0.031097537139	1	0
19	02	25	17	47	09	18.6	25.0	39.99996019	651.628571429	144.827105931	0.0345022053479	1	0
19	02	25	17	47	29	21.5	25.0	39.99996019	596.128571429	92.0156696948	0.0244309055314	1	0
19	02	25	17	47	50	19.0	25.0	39.99996019	620.5	137.503012954	0.0245908901264	1	0
19	02	25	17	48	11	24.9	25.0	39.99999895	660.628571429	153.322644999	0.039769083012	1	0
19	02	25	17	48	32	18.1	25.0	39.99345006	715.728571429	221.132728173	0.0450412636154	1	0
19	02	25	17	48	53	18.3	25.0	39.99990115	665.828571429	160.958199669	0.037750982969	1	0
19	02	25	17	49	14	18.4	25.0	39.99990115	607.2	121.957791293	0.0239912562816	1	0
19	02	25	17	49	35	21.5	25.0	39.99990115	668.857142857	146.887934515	0.0420623399152	1	0
19	02	25	17	49	56	21.5	25.0	39.99990115	720.714285714	197.047575318	0.0485128833651	1	0
19	02	25	17	50	17	20.4	25.0	39.99999973	700.042857143	218.067711353	0.0422302243162	1	0
19	02	25	17	50	38	17.7	25.0	39.99736206	681.7	174.130029412	0.0433861022591	1	0
19	02	25	17	50	59	36.1	25.0	39.99736206	722.3	220.625432416	0.0542379559659	1	1
19	02	25	17	51	25	49.4	25.0	39.99736206	773.814285714	219.609347502	0.0639420458149	1	1
19	02	25	17	51	46	57.9	25.0	39.99736206	703.014285714	195.274933865	0.0453909981926	1	1
19	02	25	17	53	08	46.7	25.0	39.99736206	706.1	127.158860149	0.0549482409782	1	1
19	02	25	17	53	29	28.4	25.0	39.99736206	677.042857143	133.389594338	0.0465668513457	1	1
19	02	25	17	53	50	33.7	25.0	39.99736206	595.342857143	108.930762507	0.0192103057821	1	1
19	02	25	17	54	17	30.4	25.0	39.99736206	635.528571429	110.504003991	0.0374391391678	1	1
19	02	25	17	54	38	23.2	25.0	39.99736206	709.785714286	124.825580352	0.0588518379296	1	0
19	02	25	17	55	09	23.8	25.0	39.99736206	656.571428571	142.897822779	0.0430026890509	1	1
19	02	25	17	55	30	31.1	25.0	39.99736206	626.3	177.583891644	0.0239825439605	1	1
19	02	25	17	55	51	30.4	25.0	39.99736206	705.385714286	303.604690951	0.0341769712098	1	1
19	02	25	17	56	12	26.9	25.0	39.99736206	757.857142857	347.021666088	0.0452451857362	1	1
19	02	25	17	56	32	28.1	25.0	39.99736206	658.171428571	170.317600083	0.0353273132852	1	1
19	02	25	17	56	54	31.7	25.0	39.99736206	675.057142857	167.025052502	0.0455019169413	1	1
19	02	25	17	57	15	33.8	25.0	39.99736206	600.228571429	107.571527224	0.0246867144712	1	1
19	02	25	17	57	36	26.9	25.0	39.99736206	692.557142857	179.904390141	0.0460217051799	1	1
19	02	25	17	57	57	25.6	25.0	39.99736206	712.514285714	184.66910507	0.0479302599381	1	1
19	02	25	17	58	18	25.0	25.0	39.99736206	617.057142857	122.287236306	0.0242106893474	1	1
19	02	25	17	58	39	23.0	25.0	39.99736206	654.928571429	142.674787184	0.0348798556889	1	1
19	02	25	17	59	00	20.3	25.0	39.99736206	733.585714286	177.82483298	0.0572217010325	1	1
19	02	25	17	59	21	21.8	25.0	39.99736206	799.485714286	369.588680364	0.0564059427786	1	1
19	02	25	17	59	42	18.9	25.0	39.99736206	633.028571429	177.573242147	0.0269256072874	1	1
